overlap_area overlap_length P_max P_eer P_gap T_opt T_eer a1 a2 u1 u2
0.0000 0.0000 0.9999 0.9999 0.0000 0.3501 0.3501 0.0500 0.3500 0.3500 0.8500
0.0101 0.0030 0.9939 0.9925 0.0013 0.3500 0.3489 0.0500 0.3500 0.3470 0.8470
0.0202 0.0061 0.9879 0.9850 0.0029 0.3500 0.3478 0.0500 0.3500 0.3439 0.8439
0.0303 0.0091 0.9818 0.9775 0.0043 0.3500 0.3467 0.0500 0.3500 0.3409 0.8409
0.0404 0.0121 0.9757 0.9700 0.0057 0.3499 0.3455 0.0500 0.3500 0.3379 0.8379
0.0505 0.0152 0.9696 0.9626 0.0071 0.3500 0.3444 0.0500 0.3500 0.3348 0.8348
0.0606 0.0182 0.9636 0.9551 0.0085 0.3500 0.3432 0.0500 0.3500 0.3318 0.8318
0.0707 0.0212 0.9575 0.9477 0.0097 0.3500 0.3421 0.0500 0.3500 0.3288 0.8288
0.0808 0.0242 0.9515 0.9404 0.0111 0.3500 0.3410 0.0500 0.3500 0.3258 0.8258
0.0909 0.0273 0.9454 0.9331 0.0123 0.3500 0.3398 0.0500 0.3500 0.3227 0.8227
0.1010 0.0303 0.9393 0.9258 0.0136 0.3499 0.3387 0.0500 0.3500 0.3197 0.8197
0.1111 0.0333 0.9333 0.9185 0.0148 0.3500 0.3376 0.0500 0.3500 0.3167 0.8167
0.1212 0.0364 0.9272 0.9112 0.0160 0.3500 0.3364 0.0500 0.3500 0.3136 0.8136
0.1313 0.0394 0.9211 0.9040 0.0171 0.3500 0.3353 0.0500 0.3500 0.3106 0.8106
0.1414 0.0424 0.9151 0.8968 0.0182 0.3499 0.3341 0.0500 0.3500 0.3076 0.8076
0.1515 0.0455 0.9090 0.8897 0.0193 0.3499 0.3330 0.0500 0.3500 0.3045 0.8045
0.1616 0.0485 0.9029 0.8825 0.0204 0.3499 0.3319 0.0500 0.3500 0.3015 0.8015
0.1717 0.0515 0.8969 0.8754 0.0214 0.3499 0.3307 0.0500 0.3500 0.2985 0.7985
0.1818 0.0545 0.8908 0.8684 0.0225 0.3500 0.3296 0.0500 0.3500 0.2955 0.7955
0.1919 0.0576 0.8848 0.8613 0.0235 0.3500 0.3285 0.0500 0.3500 0.2924 0.7924
0.2020 0.0606 0.8787 0.8543 0.0245 0.3500 0.3273 0.0500 0.3500 0.2894 0.7894
0.2121 0.0636 0.8726 0.8473 0.0253 0.3499 0.3262 0.0500 0.3500 0.2864 0.7864
0.2222 0.0667 0.8667 0.8403 0.0263 0.3500 0.3251 0.0500 0.3500 0.2833 0.7833
0.2323 0.0697 0.8605 0.8334 0.0271 0.3499 0.3239 0.0500 0.3500 0.2803 0.7803
0.2424 0.0727 0.8545 0.8265 0.0280 0.3500 0.3228 0.0500 0.3500 0.2773 0.7773
0.2525 0.0758 0.8484 0.8196 0.0288 0.3500 0.3216 0.0500 0.3500 0.2742 0.7742
0.2626 0.0788 0.8424 0.8128 0.0296 0.3499 0.3205 0.0500 0.3500 0.2712 0.7712
0.2727 0.0818 0.8363 0.8060 0.0304 0.3500 0.3194 0.0500 0.3500 0.2682 0.7682
0.2828 0.0848 0.8303 0.7992 0.0311 0.3500 0.3182 0.0500 0.3500 0.2652 0.7652
0.2929 0.0879 0.8242 0.7924 0.0318 0.3500 0.3171 0.0500 0.3500 0.2621 0.7621
0.3030 0.0909 0.8182 0.7857 0.0325 0.3500 0.3160 0.0500 0.3500 0.2591 0.7591
0.3131 0.0939 0.8121 0.7790 0.0331 0.3500 0.3148 0.0500 0.3500 0.2561 0.7561
0.3232 0.0970 0.8060 0.7723 0.0337 0.3500 0.3137 0.0500 0.3500 0.2530 0.7530
0.3333 0.1000 0.8000 0.7657 0.0343 0.3499 0.3126 0.0500 0.3500 0.2500 0.7500
0.3434 0.1030 0.7939 0.7591 0.0348 0.3499 0.3114 0.0500 0.3500 0.2470 0.7470
0.3535 0.1061 0.7879 0.7525 0.0354 0.3500 0.3103 0.0500 0.3500 0.2439 0.7439
0.3636 0.1091 0.7818 0.7459 0.0358 0.3499 0.3091 0.0500 0.3500 0.2409 0.7409
0.3737 0.1121 0.7757 0.7394 0.0363 0.3500 0.3080 0.0500 0.3500 0.2379 0.7379
0.3838 0.1152 0.7696 0.7329 0.0368 0.3500 0.3069 0.0500 0.3500 0.2348 0.7348
0.3939 0.1182 0.7636 0.7264 0.0372 0.3499 0.3057 0.0500 0.3500 0.2318 0.7318
0.4040 0.1212 0.7575 0.7200 0.0376 0.3499 0.3046 0.0500 0.3500 0.2288 0.7288
0.4141 0.1242 0.7515 0.7136 0.0379 0.3500 0.3035 0.0500 0.3500 0.2258 0.7258
0.4242 0.1273 0.7454 0.7072 0.0383 0.3500 0.3023 0.0500 0.3500 0.2227 0.7227
0.4343 0.1303 0.7394 0.7008 0.0385 0.3500 0.3012 0.0500 0.3500 0.2197 0.7197
0.4444 0.1333 0.7333 0.6945 0.0388 0.3499 0.3001 0.0500 0.3500 0.2167 0.7167
0.4545 0.1364 0.7272 0.6882 0.0390 0.3499 0.2989 0.0500 0.3500 0.2136 0.7136
0.4646 0.1394 0.7212 0.6819 0.0393 0.3500 0.2978 0.0500 0.3500 0.2106 0.7106
0.4747 0.1424 0.7151 0.6757 0.0394 0.3499 0.2966 0.0500 0.3500 0.2076 0.7076
0.4848 0.1455 0.7091 0.6695 0.0396 0.3500 0.2955 0.0500 0.3500 0.2045 0.7045
0.4949 0.1485 0.7030 0.6633 0.0397 0.3500 0.2944 0.0500 0.3500 0.2015 0.7015
0.5051 0.1515 0.6969 0.6571 0.0398 0.3499 0.2932 0.0500 0.3500 0.1985 0.6985
0.5152 0.1545 0.6909 0.6510 0.0399 0.3499 0.2921 0.0500 0.3500 0.1955 0.6955
0.5253 0.1576 0.6848 0.6449 0.0399 0.3499 0.2910 0.0500 0.3500 0.1924 0.6924
0.5354 0.1606 0.6788 0.6388 0.0399 0.3499 0.2898 0.0500 0.3500 0.1894 0.6894
0.5455 0.1636 0.6727 0.6328 0.0399 0.3499 0.2887 0.0500 0.3500 0.1864 0.6864
0.5556 0.1667 0.6667 0.6268 0.0399 0.3500 0.2875 0.0500 0.3500 0.1833 0.6833
0.5657 0.1697 0.6606 0.6208 0.0398 0.3500 0.2864 0.0500 0.3500 0.1803 0.6803
0.5758 0.1727 0.6545 0.6148 0.0397 0.3499 0.2853 0.0500 0.3500 0.1773 0.6773
0.5859 0.1758 0.6485 0.6089 0.0396 0.3499 0.2841 0.0500 0.3500 0.1742 0.6742
0.5960 0.1788 0.6424 0.6030 0.0394 0.3500 0.2830 0.0500 0.3500 0.1712 0.6712
0.6061 0.1818 0.6364 0.5972 0.0392 0.3500 0.2819 0.0500 0.3500 0.1682 0.6682
0.6162 0.1848 0.6303 0.5913 0.0390 0.3499 0.2807 0.0500 0.3500 0.1652 0.6652
0.6263 0.1879 0.6242 0.5855 0.0387 0.3500 0.2796 0.0500 0.3500 0.1621 0.6621
0.6364 0.1909 0.6182 0.5797 0.0385 0.3500 0.2785 0.0500 0.3500 0.1591 0.6591
0.6465 0.1939 0.6121 0.5740 0.0382 0.3499 0.2773 0.0500 0.3500 0.1561 0.6561
0.6566 0.1970 0.6061 0.5682 0.0378 0.3499 0.2762 0.0500 0.3500 0.1530 0.6530
0.6667 0.2000 0.6000 0.5625 0.0375 0.3499 0.2750 0.0500 0.3500 0.1500 0.6500
0.6768 0.2030 0.5940 0.5569 0.0371 0.3484 0.2739 0.0500 0.3500 0.1470 0.6470
0.6869 0.2061 0.5879 0.5512 0.0367 0.3469 0.2728 0.0500 0.3500 0.1439 0.6439
0.6970 0.2091 0.5820 0.5456 0.0363 0.3454 0.2716 0.0500 0.3500 0.1409 0.6409
0.7071 0.2121 0.5760 0.5400 0.0360 0.3439 0.2705 0.0500 0.3500 0.1379 0.6379
0.7172 0.2152 0.5701 0.5345 0.0356 0.3424 0.2694 0.0500 0.3500 0.1348 0.6348
0.7273 0.2182 0.5642 0.5290 0.0352 0.3409 0.2682 0.0500 0.3500 0.1318 0.6318
0.7374 0.2212 0.5583 0.5235 0.0349 0.3393 0.2671 0.0500 0.3500 0.1288 0.6288
0.7475 0.2242 0.5525 0.5180 0.0345 0.3378 0.2660 0.0500 0.3500 0.1258 0.6258
0.7576 0.2273 0.5467 0.5126 0.0341 0.3363 0.2648 0.0500 0.3500 0.1227 0.6227
0.7677 0.2303 0.5409 0.5072 0.0338 0.3348 0.2637 0.0500 0.3500 0.1197 0.6197
0.7778 0.2333 0.5352 0.5018 0.0334 0.3333 0.2625 0.0500 0.3500 0.1167 0.6167
0.7879 0.2364 0.5295 0.4964 0.0331 0.3319 0.2614 0.0500 0.3500 0.1136 0.6136
0.7980 0.2394 0.5238 0.4911 0.0327 0.3302 0.2603 0.0500 0.3500 0.1106 0.6106
0.8081 0.2424 0.5182 0.4858 0.0323 0.3287 0.2591 0.0500 0.3500 0.1076 0.6076
0.8182 0.2455 0.5125 0.4805 0.0320 0.3272 0.2580 0.0500 0.3500 0.1045 0.6045
0.8283 0.2485 0.5069 0.4753 0.0316 0.3257 0.2569 0.0500 0.3500 0.1015 0.6015
0.8384 0.2515 0.5014 0.4701 0.0313 0.3242 0.2557 0.0500 0.3500 0.0985 0.5985
0.8485 0.2545 0.4959 0.4649 0.0310 0.3227 0.2546 0.0500 0.3500 0.0955 0.5955
0.8586 0.2576 0.4904 0.4598 0.0306 0.3212 0.2534 0.0500 0.3500 0.0924 0.5924
0.8687 0.2606 0.4849 0.4546 0.0303 0.3196 0.2523 0.0500 0.3500 0.0894 0.5894
0.8788 0.2636 0.4795 0.4495 0.0299 0.3181 0.2512 0.0500 0.3500 0.0864 0.5864
0.8889 0.2667 0.4741 0.4445 0.0296 0.3167 0.2500 0.0500 0.3500 0.0833 0.5833
0.8990 0.2697 0.4687 0.4394 0.0293 0.3151 0.2489 0.0500 0.3500 0.0803 0.5803
0.9091 0.2727 0.4634 0.4344 0.0289 0.3136 0.2478 0.0500 0.3500 0.0773 0.5773
0.9192 0.2758 0.4581 0.4295 0.0286 0.3121 0.2466 0.0500 0.3500 0.0742 0.5742
0.9293 0.2788 0.4528 0.4245 0.0283 0.3106 0.2455 0.0500 0.3500 0.0712 0.5712
0.9394 0.2818 0.4475 0.4196 0.0279 0.3090 0.2444 0.0500 0.3500 0.0682 0.5682
0.9495 0.2848 0.4423 0.4147 0.0276 0.3075 0.2432 0.0500 0.3500 0.0652 0.5652
0.9596 0.2879 0.4371 0.4098 0.0273 0.3060 0.2421 0.0500 0.3500 0.0621 0.5621
0.9697 0.2909 0.4320 0.4050 0.0270 0.3045 0.2409 0.0500 0.3500 0.0591 0.5591
0.9798 0.2939 0.4268 0.4002 0.0266 0.3030 0.2398 0.0500 0.3500 0.0561 0.5561
0.9899 0.2970 0.4217 0.3954 0.0263 0.3015 0.2387 0.0500 0.3500 0.0530 0.5530
1.0000 0.3000 0.4167 0.3907 0.0260 0.2999 0.2375 0.0500 0.3500 0.0500 0.5500
