s FRR FAR loss leak theft safe FAR_opt FRR_opt FAR_eer FRR_eer
0.000000 0.000000 1.000000 0.000000 1.000000 0.000000 0.000000 0.121743 0.185185 0.154208 0.155155
0.001001 0.000000 1.000000 0.000000 1.000000 0.000000 0.000000 0.121743 0.185185 0.154208 0.155155
0.002002 0.000000 1.000000 0.000000 1.000000 0.000000 0.000000 0.121743 0.185185 0.154208 0.155155
0.003003 0.000000 1.000000 0.000000 1.000000 0.000000 0.000000 0.121743 0.185185 0.154208 0.155155
0.004004 0.000000 1.000000 0.000000 1.000000 0.000000 0.000000 0.121743 0.185185 0.154208 0.155155
0.005005 0.000000 1.000000 0.000000 1.000000 0.000000 0.000000 0.121743 0.185185 0.154208 0.155155
0.006006 0.000000 1.000000 0.000000 1.000000 0.000000 0.000000 0.121743 0.185185 0.154208 0.155155
0.007007 0.000000 1.000000 0.000000 1.000000 0.000000 0.000000 0.121743 0.185185 0.154208 0.155155
0.008008 0.000000 1.000000 0.000000 1.000000 0.000000 0.000000 0.121743 0.185185 0.154208 0.155155
0.009009 0.000000 1.000000 0.000000 1.000000 0.000000 0.000000 0.121743 0.185185 0.154208 0.155155
0.010010 0.000000 1.000000 0.000000 1.000000 0.000000 0.000000 0.121743 0.185185 0.154208 0.155155
0.011011 0.000000 1.000000 0.000000 1.000000 0.000000 0.000000 0.121743 0.185185 0.154208 0.155155
0.012012 0.000000 1.000000 0.000000 1.000000 0.000000 0.000000 0.121743 0.185185 0.154208 0.155155
0.013013 0.000000 1.000000 0.000000 1.000000 0.000000 0.000000 0.121743 0.185185 0.154208 0.155155
0.014014 0.000000 1.000000 0.000000 1.000000 0.000000 0.000000 0.121743 0.185185 0.154208 0.155155
0.015015 0.000000 1.000000 0.000000 1.000000 0.000000 0.000000 0.121743 0.185185 0.154208 0.155155
0.016016 0.000000 1.000000 0.000000 1.000000 0.000000 0.000000 0.121743 0.185185 0.154208 0.155155
0.017017 0.000000 1.000000 0.000000 1.000000 0.000000 0.000000 0.121743 0.185185 0.154208 0.155155
0.018018 0.000000 1.000000 0.000000 1.000000 0.000000 0.000000 0.121743 0.185185 0.154208 0.155155
0.019019 0.000000 1.000000 0.000000 1.000000 0.000000 0.000000 0.121743 0.185185 0.154208 0.155155
0.020020 0.000000 1.000000 0.000000 1.000000 0.000000 0.000000 0.121743 0.185185 0.154208 0.155155
0.021021 0.000000 1.000000 0.000000 1.000000 0.000000 0.000000 0.121743 0.185185 0.154208 0.155155
0.022022 0.000000 1.000000 0.000000 1.000000 0.000000 0.000000 0.121743 0.185185 0.154208 0.155155
0.023023 0.000000 1.000000 0.000000 1.000000 0.000000 0.000000 0.121743 0.185185 0.154208 0.155155
0.024024 0.000000 1.000000 0.000000 1.000000 0.000000 0.000000 0.121743 0.185185 0.154208 0.155155
0.025025 0.000000 1.000000 0.000000 1.000000 0.000000 0.000000 0.121743 0.185185 0.154208 0.155155
0.026026 0.000000 1.000000 0.000000 1.000000 0.000000 0.000000 0.121743 0.185185 0.154208 0.155155
0.027027 0.000000 1.000000 0.000000 1.000000 0.000000 0.000000 0.121743 0.185185 0.154208 0.155155
0.028028 0.000000 1.000000 0.000000 1.000000 0.000000 0.000000 0.121743 0.185185 0.154208 0.155155
0.029029 0.000000 1.000000 0.000000 1.000000 0.000000 0.000000 0.121743 0.185185 0.154208 0.155155
0.030030 0.000000 1.000000 0.000000 1.000000 0.000000 0.000000 0.121743 0.185185 0.154208 0.155155
0.031031 0.000000 1.000000 0.000000 1.000000 0.000000 0.000000 0.121743 0.185185 0.154208 0.155155
0.032032 0.000000 1.000000 0.000000 1.000000 0.000000 0.000000 0.121743 0.185185 0.154208 0.155155
0.033033 0.000000 1.000000 0.000000 1.000000 0.000000 0.000000 0.121743 0.185185 0.154208 0.155155
0.034034 0.000000 1.000000 0.000000 1.000000 0.000000 0.000000 0.121743 0.185185 0.154208 0.155155
0.035035 0.000000 1.000000 0.000000 1.000000 0.000000 0.000000 0.121743 0.185185 0.154208 0.155155
0.036036 0.000000 1.000000 0.000000 1.000000 0.000000 0.000000 0.121743 0.185185 0.154208 0.155155
0.037037 0.000000 1.000000 0.000000 1.000000 0.000000 0.000000 0.121743 0.185185 0.154208 0.155155
0.038038 0.000000 1.000000 0.000000 1.000000 0.000000 0.000000 0.121743 0.185185 0.154208 0.155155
0.039039 0.000000 1.000000 0.000000 1.000000 0.000000 0.000000 0.121743 0.185185 0.154208 0.155155
0.040040 0.000000 1.000000 0.000000 1.000000 0.000000 0.000000 0.121743 0.185185 0.154208 0.155155
0.041041 0.000000 1.000000 0.000000 1.000000 0.000000 0.000000 0.121743 0.185185 0.154208 0.155155
0.042042 0.000000 1.000000 0.000000 1.000000 0.000000 0.000000 0.121743 0.185185 0.154208 0.155155
0.043043 0.000000 1.000000 0.000000 1.000000 0.000000 0.000000 0.121743 0.185185 0.154208 0.155155
0.044044 0.000000 1.000000 0.000000 1.000000 0.000000 0.000000 0.121743 0.185185 0.154208 0.155155
0.045045 0.000000 1.000000 0.000000 1.000000 0.000000 0.000000 0.121743 0.185185 0.154208 0.155155
0.046046 0.000000 1.000000 0.000000 1.000000 0.000000 0.000000 0.121743 0.185185 0.154208 0.155155
0.047047 0.000000 1.000000 0.000000 1.000000 0.000000 0.000000 0.121743 0.185185 0.154208 0.155155
0.048048 0.000000 1.000000 0.000000 1.000000 0.000000 0.000000 0.121743 0.185185 0.154208 0.155155
0.049049 0.000000 1.000000 0.000000 1.000000 0.000000 0.000000 0.121743 0.185185 0.154208 0.155155
0.050050 0.000000 0.998296 0.000000 0.998296 0.000000 0.001704 0.121743 0.185185 0.154208 0.155155
0.051051 0.000000 0.995590 0.000000 0.995590 0.000000 0.004410 0.121743 0.185185 0.154208 0.155155
0.052052 0.000000 0.992885 0.000000 0.992885 0.000000 0.007115 0.121743 0.185185 0.154208 0.155155
0.053053 0.000000 0.990179 0.000000 0.990179 0.000000 0.009821 0.121743 0.185185 0.154208 0.155155
0.054054 0.000000 0.987474 0.000000 0.987474 0.000000 0.012526 0.121743 0.185185 0.154208 0.155155
0.055055 0.000000 0.984769 0.000000 0.984769 0.000000 0.015231 0.121743 0.185185 0.154208 0.155155
0.056056 0.000000 0.982063 0.000000 0.982063 0.000000 0.017937 0.121743 0.185185 0.154208 0.155155
0.057057 0.000000 0.979358 0.000000 0.979358 0.000000 0.020642 0.121743 0.185185 0.154208 0.155155
0.058058 0.000000 0.976652 0.000000 0.976652 0.000000 0.023348 0.121743 0.185185 0.154208 0.155155
0.059059 0.000000 0.973947 0.000000 0.973947 0.000000 0.026053 0.121743 0.185185 0.154208 0.155155
0.060060 0.000000 0.971242 0.000000 0.971242 0.000000 0.028758 0.121743 0.185185 0.154208 0.155155
0.061061 0.000000 0.968536 0.000000 0.968536 0.000000 0.031464 0.121743 0.185185 0.154208 0.155155
0.062062 0.000000 0.965831 0.000000 0.965831 0.000000 0.034169 0.121743 0.185185 0.154208 0.155155
0.063063 0.000000 0.963125 0.000000 0.963125 0.000000 0.036875 0.121743 0.185185 0.154208 0.155155
0.064064 0.000000 0.960420 0.000000 0.960420 0.000000 0.039580 0.121743 0.185185 0.154208 0.155155
0.065065 0.000000 0.957714 0.000000 0.957714 0.000000 0.042286 0.121743 0.185185 0.154208 0.155155
0.066066 0.000000 0.955009 0.000000 0.955009 0.000000 0.044991 0.121743 0.185185 0.154208 0.155155
0.067067 0.000000 0.952304 0.000000 0.952304 0.000000 0.047696 0.121743 0.185185 0.154208 0.155155
0.068068 0.000000 0.949598 0.000000 0.949598 0.000000 0.050402 0.121743 0.185185 0.154208 0.155155
0.069069 0.000000 0.946893 0.000000 0.946893 0.000000 0.053107 0.121743 0.185185 0.154208 0.155155
0.070070 0.000000 0.944187 0.000000 0.944187 0.000000 0.055813 0.121743 0.185185 0.154208 0.155155
0.071071 0.000000 0.941482 0.000000 0.941482 0.000000 0.058518 0.121743 0.185185 0.154208 0.155155
0.072072 0.000000 0.938777 0.000000 0.938777 0.000000 0.061223 0.121743 0.185185 0.154208 0.155155
0.073073 0.000000 0.936071 0.000000 0.936071 0.000000 0.063929 0.121743 0.185185 0.154208 0.155155
0.074074 0.000000 0.933366 0.000000 0.933366 0.000000 0.066634 0.121743 0.185185 0.154208 0.155155
0.075075 0.000000 0.930660 0.000000 0.930660 0.000000 0.069340 0.121743 0.185185 0.154208 0.155155
0.076076 0.000000 0.927955 0.000000 0.927955 0.000000 0.072045 0.121743 0.185185 0.154208 0.155155
0.077077 0.000000 0.925250 0.000000 0.925250 0.000000 0.074750 0.121743 0.185185 0.154208 0.155155
0.078078 0.000000 0.922544 0.000000 0.922544 0.000000 0.077456 0.121743 0.185185 0.154208 0.155155
0.079079 0.000000 0.919839 0.000000 0.919839 0.000000 0.080161 0.121743 0.185185 0.154208 0.155155
0.080080 0.000000 0.917133 0.000000 0.917133 0.000000 0.082867 0.121743 0.185185 0.154208 0.155155
0.081081 0.000000 0.914428 0.000000 0.914428 0.000000 0.085572 0.121743 0.185185 0.154208 0.155155
0.082082 0.000000 0.911723 0.000000 0.911723 0.000000 0.088277 0.121743 0.185185 0.154208 0.155155
0.083083 0.000000 0.909017 0.000000 0.909017 0.000000 0.090983 0.121743 0.185185 0.154208 0.155155
0.084084 0.000000 0.906312 0.000000 0.906312 0.000000 0.093688 0.121743 0.185185 0.154208 0.155155
0.085085 0.000000 0.903606 0.000000 0.903606 0.000000 0.096394 0.121743 0.185185 0.154208 0.155155
0.086086 0.000000 0.900901 0.000000 0.900901 0.000000 0.099099 0.121743 0.185185 0.154208 0.155155
0.087087 0.000000 0.898195 0.000000 0.898195 0.000000 0.101805 0.121743 0.185185 0.154208 0.155155
0.088088 0.000000 0.895490 0.000000 0.895490 0.000000 0.104510 0.121743 0.185185 0.154208 0.155155
0.089089 0.000000 0.892785 0.000000 0.892785 0.000000 0.107215 0.121743 0.185185 0.154208 0.155155
0.090090 0.000000 0.890079 0.000000 0.890079 0.000000 0.109921 0.121743 0.185185 0.154208 0.155155
0.091091 0.000000 0.887374 0.000000 0.887374 0.000000 0.112626 0.121743 0.185185 0.154208 0.155155
0.092092 0.000000 0.884668 0.000000 0.884668 0.000000 0.115332 0.121743 0.185185 0.154208 0.155155
0.093093 0.000000 0.881963 0.000000 0.881963 0.000000 0.118037 0.121743 0.185185 0.154208 0.155155
0.094094 0.000000 0.879258 0.000000 0.879258 0.000000 0.120742 0.121743 0.185185 0.154208 0.155155
0.095095 0.000000 0.876552 0.000000 0.876552 0.000000 0.123448 0.121743 0.185185 0.154208 0.155155
0.096096 0.000000 0.873847 0.000000 0.873847 0.000000 0.126153 0.121743 0.185185 0.154208 0.155155
0.097097 0.000000 0.871141 0.000000 0.871141 0.000000 0.128859 0.121743 0.185185 0.154208 0.155155
0.098098 0.000000 0.868436 0.000000 0.868436 0.000000 0.131564 0.121743 0.185185 0.154208 0.155155
0.099099 0.000000 0.865731 0.000000 0.865731 0.000000 0.134269 0.121743 0.185185 0.154208 0.155155
0.100100 0.000000 0.863025 0.000000 0.863025 0.000000 0.136975 0.121743 0.185185 0.154208 0.155155
0.101101 0.000000 0.860320 0.000000 0.860320 0.000000 0.139680 0.121743 0.185185 0.154208 0.155155
0.102102 0.000000 0.857614 0.000000 0.857614 0.000000 0.142386 0.121743 0.185185 0.154208 0.155155
0.103103 0.000000 0.854909 0.000000 0.854909 0.000000 0.145091 0.121743 0.185185 0.154208 0.155155
0.104104 0.000000 0.852204 0.000000 0.852204 0.000000 0.147796 0.121743 0.185185 0.154208 0.155155
0.105105 0.000000 0.849498 0.000000 0.849498 0.000000 0.150502 0.121743 0.185185 0.154208 0.155155
0.106106 0.000000 0.846793 0.000000 0.846793 0.000000 0.153207 0.121743 0.185185 0.154208 0.155155
0.107107 0.000000 0.844087 0.000000 0.844087 0.000000 0.155913 0.121743 0.185185 0.154208 0.155155
0.108108 0.000000 0.841382 0.000000 0.841382 0.000000 0.158618 0.121743 0.185185 0.154208 0.155155
0.109109 0.000000 0.838677 0.000000 0.838677 0.000000 0.161323 0.121743 0.185185 0.154208 0.155155
0.110110 0.000000 0.835971 0.000000 0.835971 0.000000 0.164029 0.121743 0.185185 0.154208 0.155155
0.111111 0.000000 0.833266 0.000000 0.833266 0.000000 0.166734 0.121743 0.185185 0.154208 0.155155
0.112112 0.000000 0.830560 0.000000 0.830560 0.000000 0.169440 0.121743 0.185185 0.154208 0.155155
0.113113 0.000000 0.827855 0.000000 0.827855 0.000000 0.172145 0.121743 0.185185 0.154208 0.155155
0.114114 0.000000 0.825149 0.000000 0.825149 0.000000 0.174851 0.121743 0.185185 0.154208 0.155155
0.115115 0.000000 0.822444 0.000000 0.822444 0.000000 0.177556 0.121743 0.185185 0.154208 0.155155
0.116116 0.000000 0.819739 0.000000 0.819739 0.000000 0.180261 0.121743 0.185185 0.154208 0.155155
0.117117 0.000000 0.817033 0.000000 0.817033 0.000000 0.182967 0.121743 0.185185 0.154208 0.155155
0.118118 0.000000 0.814328 0.000000 0.814328 0.000000 0.185672 0.121743 0.185185 0.154208 0.155155
0.119119 0.000000 0.811622 0.000000 0.811622 0.000000 0.188378 0.121743 0.185185 0.154208 0.155155
0.120120 0.000000 0.808917 0.000000 0.808917 0.000000 0.191083 0.121743 0.185185 0.154208 0.155155
0.121121 0.000000 0.806212 0.000000 0.806212 0.000000 0.193788 0.121743 0.185185 0.154208 0.155155
0.122122 0.000000 0.803506 0.000000 0.803506 0.000000 0.196494 0.121743 0.185185 0.154208 0.155155
0.123123 0.000000 0.800801 0.000000 0.800801 0.000000 0.199199 0.121743 0.185185 0.154208 0.155155
0.124124 0.000000 0.798095 0.000000 0.798095 0.000000 0.201905 0.121743 0.185185 0.154208 0.155155
0.125125 0.000000 0.795390 0.000000 0.795390 0.000000 0.204610 0.121743 0.185185 0.154208 0.155155
0.126126 0.000000 0.792685 0.000000 0.792685 0.000000 0.207315 0.121743 0.185185 0.154208 0.155155
0.127127 0.000000 0.789979 0.000000 0.789979 0.000000 0.210021 0.121743 0.185185 0.154208 0.155155
0.128128 0.000000 0.787274 0.000000 0.787274 0.000000 0.212726 0.121743 0.185185 0.154208 0.155155
0.129129 0.000000 0.784568 0.000000 0.784568 0.000000 0.215432 0.121743 0.185185 0.154208 0.155155
0.130130 0.000000 0.781863 0.000000 0.781863 0.000000 0.218137 0.121743 0.185185 0.154208 0.155155
0.131131 0.000000 0.779158 0.000000 0.779158 0.000000 0.220842 0.121743 0.185185 0.154208 0.155155
0.132132 0.000000 0.776452 0.000000 0.776452 0.000000 0.223548 0.121743 0.185185 0.154208 0.155155
0.133133 0.000000 0.773747 0.000000 0.773747 0.000000 0.226253 0.121743 0.185185 0.154208 0.155155
0.134134 0.000000 0.771041 0.000000 0.771041 0.000000 0.228959 0.121743 0.185185 0.154208 0.155155
0.135135 0.000000 0.768336 0.000000 0.768336 0.000000 0.231664 0.121743 0.185185 0.154208 0.155155
0.136136 0.000000 0.765630 0.000000 0.765630 0.000000 0.234370 0.121743 0.185185 0.154208 0.155155
0.137137 0.000000 0.762925 0.000000 0.762925 0.000000 0.237075 0.121743 0.185185 0.154208 0.155155
0.138138 0.000000 0.760220 0.000000 0.760220 0.000000 0.239780 0.121743 0.185185 0.154208 0.155155
0.139139 0.000000 0.757514 0.000000 0.757514 0.000000 0.242486 0.121743 0.185185 0.154208 0.155155
0.140140 0.000000 0.754809 0.000000 0.754809 0.000000 0.245191 0.121743 0.185185 0.154208 0.155155
0.141141 0.000000 0.752103 0.000000 0.752103 0.000000 0.247897 0.121743 0.185185 0.154208 0.155155
0.142142 0.000000 0.749398 0.000000 0.749398 0.000000 0.250602 0.121743 0.185185 0.154208 0.155155
0.143143 0.000000 0.746693 0.000000 0.746693 0.000000 0.253307 0.121743 0.185185 0.154208 0.155155
0.144144 0.000000 0.743987 0.000000 0.743987 0.000000 0.256013 0.121743 0.185185 0.154208 0.155155
0.145145 0.000000 0.741282 0.000000 0.741282 0.000000 0.258718 0.121743 0.185185 0.154208 0.155155
0.146146 0.000000 0.738576 0.000000 0.738576 0.000000 0.261424 0.121743 0.185185 0.154208 0.155155
0.147147 0.000000 0.735871 0.000000 0.735871 0.000000 0.264129 0.121743 0.185185 0.154208 0.155155
0.148148 0.000000 0.733166 0.000000 0.733166 0.000000 0.266834 0.121743 0.185185 0.154208 0.155155
0.149149 0.000000 0.730460 0.000000 0.730460 0.000000 0.269540 0.121743 0.185185 0.154208 0.155155
0.150150 0.000000 0.727755 0.000000 0.727755 0.000000 0.272245 0.121743 0.185185 0.154208 0.155155
0.151151 0.000000 0.725049 0.000000 0.725049 0.000000 0.274951 0.121743 0.185185 0.154208 0.155155
0.152152 0.000000 0.722344 0.000000 0.722344 0.000000 0.277656 0.121743 0.185185 0.154208 0.155155
0.153153 0.000000 0.719639 0.000000 0.719639 0.000000 0.280361 0.121743 0.185185 0.154208 0.155155
0.154154 0.000000 0.716933 0.000000 0.716933 0.000000 0.283067 0.121743 0.185185 0.154208 0.155155
0.155155 0.000000 0.714228 0.000000 0.714228 0.000000 0.285772 0.121743 0.185185 0.154208 0.155155
0.156156 0.000000 0.711522 0.000000 0.711522 0.000000 0.288478 0.121743 0.185185 0.154208 0.155155
0.157157 0.000000 0.708817 0.000000 0.708817 0.000000 0.291183 0.121743 0.185185 0.154208 0.155155
0.158158 0.000000 0.706112 0.000000 0.706112 0.000000 0.293888 0.121743 0.185185 0.154208 0.155155
0.159159 0.000000 0.703406 0.000000 0.703406 0.000000 0.296594 0.121743 0.185185 0.154208 0.155155
0.160160 0.000000 0.700701 0.000000 0.700701 0.000000 0.299299 0.121743 0.185185 0.154208 0.155155
0.161161 0.000000 0.697995 0.000000 0.697995 0.000000 0.302005 0.121743 0.185185 0.154208 0.155155
0.162162 0.000000 0.695290 0.000000 0.695290 0.000000 0.304710 0.121743 0.185185 0.154208 0.155155
0.163163 0.000000 0.692584 0.000000 0.692584 0.000000 0.307416 0.121743 0.185185 0.154208 0.155155
0.164164 0.000000 0.689879 0.000000 0.689879 0.000000 0.310121 0.121743 0.185185 0.154208 0.155155
0.165165 0.000000 0.687174 0.000000 0.687174 0.000000 0.312826 0.121743 0.185185 0.154208 0.155155
0.166166 0.000000 0.684468 0.000000 0.684468 0.000000 0.315532 0.121743 0.185185 0.154208 0.155155
0.167167 0.000000 0.681763 0.000000 0.681763 0.000000 0.318237 0.121743 0.185185 0.154208 0.155155
0.168168 0.000000 0.679057 0.000000 0.679057 0.000000 0.320943 0.121743 0.185185 0.154208 0.155155
0.169169 0.000000 0.676352 0.000000 0.676352 0.000000 0.323648 0.121743 0.185185 0.154208 0.155155
0.170170 0.000000 0.673647 0.000000 0.673647 0.000000 0.326353 0.121743 0.185185 0.154208 0.155155
0.171171 0.000000 0.670941 0.000000 0.670941 0.000000 0.329059 0.121743 0.185185 0.154208 0.155155
0.172172 0.000000 0.668236 0.000000 0.668236 0.000000 0.331764 0.121743 0.185185 0.154208 0.155155
0.173173 0.000000 0.665530 0.000000 0.665530 0.000000 0.334470 0.121743 0.185185 0.154208 0.155155
0.174174 0.000000 0.662825 0.000000 0.662825 0.000000 0.337175 0.121743 0.185185 0.154208 0.155155
0.175175 0.000000 0.660120 0.000000 0.660120 0.000000 0.339880 0.121743 0.185185 0.154208 0.155155
0.176176 0.000000 0.657414 0.000000 0.657414 0.000000 0.342586 0.121743 0.185185 0.154208 0.155155
0.177177 0.000000 0.654709 0.000000 0.654709 0.000000 0.345291 0.121743 0.185185 0.154208 0.155155
0.178178 0.000000 0.652003 0.000000 0.652003 0.000000 0.347997 0.121743 0.185185 0.154208 0.155155
0.179179 0.000000 0.649298 0.000000 0.649298 0.000000 0.350702 0.121743 0.185185 0.154208 0.155155
0.180180 0.000000 0.646593 0.000000 0.646593 0.000000 0.353407 0.121743 0.185185 0.154208 0.155155
0.181181 0.000000 0.643887 0.000000 0.643887 0.000000 0.356113 0.121743 0.185185 0.154208 0.155155
0.182182 0.000000 0.641182 0.000000 0.641182 0.000000 0.358818 0.121743 0.185185 0.154208 0.155155
0.183183 0.000000 0.638476 0.000000 0.638476 0.000000 0.361524 0.121743 0.185185 0.154208 0.155155
0.184184 0.000000 0.635771 0.000000 0.635771 0.000000 0.364229 0.121743 0.185185 0.154208 0.155155
0.185185 0.000000 0.633065 0.000000 0.633065 0.000000 0.366935 0.121743 0.185185 0.154208 0.155155
0.186186 0.000000 0.630360 0.000000 0.630360 0.000000 0.369640 0.121743 0.185185 0.154208 0.155155
0.187187 0.000000 0.627655 0.000000 0.627655 0.000000 0.372345 0.121743 0.185185 0.154208 0.155155
0.188188 0.000000 0.624949 0.000000 0.624949 0.000000 0.375051 0.121743 0.185185 0.154208 0.155155
0.189189 0.000000 0.622244 0.000000 0.622244 0.000000 0.377756 0.121743 0.185185 0.154208 0.155155
0.190190 0.000000 0.619538 0.000000 0.619538 0.000000 0.380462 0.121743 0.185185 0.154208 0.155155
0.191191 0.000000 0.616833 0.000000 0.616833 0.000000 0.383167 0.121743 0.185185 0.154208 0.155155
0.192192 0.000000 0.614128 0.000000 0.614128 0.000000 0.385872 0.121743 0.185185 0.154208 0.155155
0.193193 0.000000 0.611422 0.000000 0.611422 0.000000 0.388578 0.121743 0.185185 0.154208 0.155155
0.194194 0.000000 0.608717 0.000000 0.608717 0.000000 0.391283 0.121743 0.185185 0.154208 0.155155
0.195195 0.000000 0.606011 0.000000 0.606011 0.000000 0.393989 0.121743 0.185185 0.154208 0.155155
0.196196 0.000000 0.603306 0.000000 0.603306 0.000000 0.396694 0.121743 0.185185 0.154208 0.155155
0.197197 0.000000 0.600601 0.000000 0.600601 0.000000 0.399399 0.121743 0.185185 0.154208 0.155155
0.198198 0.000000 0.597895 0.000000 0.597895 0.000000 0.402105 0.121743 0.185185 0.154208 0.155155
0.199199 0.000000 0.595190 0.000000 0.595190 0.000000 0.404810 0.121743 0.185185 0.154208 0.155155
0.200200 0.000000 0.592484 0.000000 0.592484 0.000000 0.407516 0.121743 0.185185 0.154208 0.155155
0.201201 0.000000 0.589779 0.000000 0.589779 0.000000 0.410221 0.121743 0.185185 0.154208 0.155155
0.202202 0.000000 0.587074 0.000000 0.587074 0.000000 0.412926 0.121743 0.185185 0.154208 0.155155
0.203203 0.000000 0.584368 0.000000 0.584368 0.000000 0.415632 0.121743 0.185185 0.154208 0.155155
0.204204 0.000000 0.581663 0.000000 0.581663 0.000000 0.418337 0.121743 0.185185 0.154208 0.155155
0.205205 0.000000 0.578957 0.000000 0.578957 0.000000 0.421043 0.121743 0.185185 0.154208 0.155155
0.206206 0.000000 0.576252 0.000000 0.576252 0.000000 0.423748 0.121743 0.185185 0.154208 0.155155
0.207207 0.000000 0.573547 0.000000 0.573547 0.000000 0.426453 0.121743 0.185185 0.154208 0.155155
0.208208 0.000000 0.570841 0.000000 0.570841 0.000000 0.429159 0.121743 0.185185 0.154208 0.155155
0.209209 0.000000 0.568136 0.000000 0.568136 0.000000 0.431864 0.121743 0.185185 0.154208 0.155155
0.210210 0.000000 0.565430 0.000000 0.565430 0.000000 0.434570 0.121743 0.185185 0.154208 0.155155
0.211211 0.000000 0.562725 0.000000 0.562725 0.000000 0.437275 0.121743 0.185185 0.154208 0.155155
0.212212 0.000000 0.560019 0.000000 0.560019 0.000000 0.439981 0.121743 0.185185 0.154208 0.155155
0.213213 0.000000 0.557314 0.000000 0.557314 0.000000 0.442686 0.121743 0.185185 0.154208 0.155155
0.214214 0.000000 0.554609 0.000000 0.554609 0.000000 0.445391 0.121743 0.185185 0.154208 0.155155
0.215215 0.000000 0.551903 0.000000 0.551903 0.000000 0.448097 0.121743 0.185185 0.154208 0.155155
0.216216 0.000000 0.549198 0.000000 0.549198 0.000000 0.450802 0.121743 0.185185 0.154208 0.155155
0.217217 0.000000 0.546492 0.000000 0.546492 0.000000 0.453508 0.121743 0.185185 0.154208 0.155155
0.218218 0.000000 0.543787 0.000000 0.543787 0.000000 0.456213 0.121743 0.185185 0.154208 0.155155
0.219219 0.000000 0.541082 0.000000 0.541082 0.000000 0.458918 0.121743 0.185185 0.154208 0.155155
0.220220 0.000000 0.538376 0.000000 0.538376 0.000000 0.461624 0.121743 0.185185 0.154208 0.155155
0.221221 0.000000 0.535671 0.000000 0.535671 0.000000 0.464329 0.121743 0.185185 0.154208 0.155155
0.222222 0.000000 0.532965 0.000000 0.532965 0.000000 0.467035 0.121743 0.185185 0.154208 0.155155
0.223223 0.000000 0.530260 0.000000 0.530260 0.000000 0.469740 0.121743 0.185185 0.154208 0.155155
0.224224 0.000000 0.527555 0.000000 0.527555 0.000000 0.472445 0.121743 0.185185 0.154208 0.155155
0.225225 0.000000 0.524849 0.000000 0.524849 0.000000 0.475151 0.121743 0.185185 0.154208 0.155155
0.226226 0.000000 0.522144 0.000000 0.522144 0.000000 0.477856 0.121743 0.185185 0.154208 0.155155
0.227227 0.000000 0.519438 0.000000 0.519438 0.000000 0.480562 0.121743 0.185185 0.154208 0.155155
0.228228 0.000000 0.516733 0.000000 0.516733 0.000000 0.483267 0.121743 0.185185 0.154208 0.155155
0.229229 0.000000 0.514028 0.000000 0.514028 0.000000 0.485972 0.121743 0.185185 0.154208 0.155155
0.230230 0.000000 0.511322 0.000000 0.511322 0.000000 0.488678 0.121743 0.185185 0.154208 0.155155
0.231231 0.000000 0.508617 0.000000 0.508617 0.000000 0.491383 0.121743 0.185185 0.154208 0.155155
0.232232 0.000000 0.505911 0.000000 0.505911 0.000000 0.494089 0.121743 0.185185 0.154208 0.155155
0.233233 0.000000 0.503206 0.000000 0.503206 0.000000 0.496794 0.121743 0.185185 0.154208 0.155155
0.234234 0.000000 0.500501 0.000000 0.500501 0.000000 0.499499 0.121743 0.185185 0.154208 0.155155
0.235235 0.000000 0.497795 0.000000 0.497795 0.000000 0.502205 0.121743 0.185185 0.154208 0.155155
0.236236 0.000000 0.495090 0.000000 0.495090 0.000000 0.504910 0.121743 0.185185 0.154208 0.155155
0.237237 0.000000 0.492384 0.000000 0.492384 0.000000 0.507616 0.121743 0.185185 0.154208 0.155155
0.238238 0.000000 0.489679 0.000000 0.489679 0.000000 0.510321 0.121743 0.185185 0.154208 0.155155
0.239239 0.000000 0.486973 0.000000 0.486973 0.000000 0.513027 0.121743 0.185185 0.154208 0.155155
0.240240 0.000000 0.484268 0.000000 0.484268 0.000000 0.515732 0.121743 0.185185 0.154208 0.155155
0.241241 0.000000 0.481563 0.000000 0.481563 0.000000 0.518437 0.121743 0.185185 0.154208 0.155155
0.242242 0.000000 0.478857 0.000000 0.478857 0.000000 0.521143 0.121743 0.185185 0.154208 0.155155
0.243243 0.000000 0.476152 0.000000 0.476152 0.000000 0.523848 0.121743 0.185185 0.154208 0.155155
0.244244 0.000000 0.473446 0.000000 0.473446 0.000000 0.526554 0.121743 0.185185 0.154208 0.155155
0.245245 0.000000 0.470741 0.000000 0.470741 0.000000 0.529259 0.121743 0.185185 0.154208 0.155155
0.246246 0.000000 0.468036 0.000000 0.468036 0.000000 0.531964 0.121743 0.185185 0.154208 0.155155
0.247247 0.000000 0.465330 0.000000 0.465330 0.000000 0.534670 0.121743 0.185185 0.154208 0.155155
0.248248 0.000000 0.462625 0.000000 0.462625 0.000000 0.537375 0.121743 0.185185 0.154208 0.155155
0.249249 0.000000 0.459919 0.000000 0.459919 0.000000 0.540081 0.121743 0.185185 0.154208 0.155155
0.250250 0.000000 0.457214 0.000000 0.457214 0.000000 0.542786 0.121743 0.185185 0.154208 0.155155
0.251251 0.000000 0.454509 0.000000 0.454509 0.000000 0.545491 0.121743 0.185185 0.154208 0.155155
0.252252 0.000000 0.451803 0.000000 0.451803 0.000000 0.548197 0.121743 0.185185 0.154208 0.155155
0.253253 0.000000 0.449098 0.000000 0.449098 0.000000 0.550902 0.121743 0.185185 0.154208 0.155155
0.254254 0.000000 0.446392 0.000000 0.446392 0.000000 0.553608 0.121743 0.185185 0.154208 0.155155
0.255255 0.000000 0.443687 0.000000 0.443687 0.000000 0.556313 0.121743 0.185185 0.154208 0.155155
0.256256 0.000000 0.440982 0.000000 0.440982 0.000000 0.559018 0.121743 0.185185 0.154208 0.155155
0.257257 0.000000 0.438276 0.000000 0.438276 0.000000 0.561724 0.121743 0.185185 0.154208 0.155155
0.258258 0.000000 0.435571 0.000000 0.435571 0.000000 0.564429 0.121743 0.185185 0.154208 0.155155
0.259259 0.000000 0.432865 0.000000 0.432865 0.000000 0.567135 0.121743 0.185185 0.154208 0.155155
0.260260 0.000000 0.430160 0.000000 0.430160 0.000000 0.569840 0.121743 0.185185 0.154208 0.155155
0.261261 0.000000 0.427454 0.000000 0.427454 0.000000 0.572546 0.121743 0.185185 0.154208 0.155155
0.262262 0.000000 0.424749 0.000000 0.424749 0.000000 0.575251 0.121743 0.185185 0.154208 0.155155
0.263263 0.000000 0.422044 0.000000 0.422044 0.000000 0.577956 0.121743 0.185185 0.154208 0.155155
0.264264 0.000000 0.419338 0.000000 0.419338 0.000000 0.580662 0.121743 0.185185 0.154208 0.155155
0.265265 0.000000 0.416633 0.000000 0.416633 0.000000 0.583367 0.121743 0.185185 0.154208 0.155155
0.266266 0.000000 0.413927 0.000000 0.413927 0.000000 0.586073 0.121743 0.185185 0.154208 0.155155
0.267267 0.000000 0.411222 0.000000 0.411222 0.000000 0.588778 0.121743 0.185185 0.154208 0.155155
0.268268 0.000000 0.408517 0.000000 0.408517 0.000000 0.591483 0.121743 0.185185 0.154208 0.155155
0.269269 0.000000 0.405811 0.000000 0.405811 0.000000 0.594189 0.121743 0.185185 0.154208 0.155155
0.270270 0.000000 0.403106 0.000000 0.403106 0.000000 0.596894 0.121743 0.185185 0.154208 0.155155
0.271271 0.000000 0.400400 0.000000 0.400400 0.000000 0.599600 0.121743 0.185185 0.154208 0.155155
0.272272 0.000000 0.397695 0.000000 0.397695 0.000000 0.602305 0.121743 0.185185 0.154208 0.155155
0.273273 0.000000 0.394990 0.000000 0.394990 0.000000 0.605010 0.121743 0.185185 0.154208 0.155155
0.274274 0.000000 0.392284 0.000000 0.392284 0.000000 0.607716 0.121743 0.185185 0.154208 0.155155
0.275275 0.000000 0.389579 0.000000 0.389579 0.000000 0.610421 0.121743 0.185185 0.154208 0.155155
0.276276 0.000000 0.386873 0.000000 0.386873 0.000000 0.613127 0.121743 0.185185 0.154208 0.155155
0.277277 0.000000 0.384168 0.000000 0.384168 0.000000 0.615832 0.121743 0.185185 0.154208 0.155155
0.278278 0.000000 0.381463 0.000000 0.381463 0.000000 0.618537 0.121743 0.185185 0.154208 0.155155
0.279279 0.000000 0.378757 0.000000 0.378757 0.000000 0.621243 0.121743 0.185185 0.154208 0.155155
0.280280 0.000000 0.376052 0.000000 0.376052 0.000000 0.623948 0.121743 0.185185 0.154208 0.155155
0.281281 0.000000 0.373346 0.000000 0.373346 0.000000 0.626654 0.121743 0.185185 0.154208 0.155155
0.282282 0.000000 0.370641 0.000000 0.370641 0.000000 0.629359 0.121743 0.185185 0.154208 0.155155
0.283283 0.000000 0.367936 0.000000 0.367936 0.000000 0.632064 0.121743 0.185185 0.154208 0.155155
0.284284 0.000000 0.365230 0.000000 0.365230 0.000000 0.634770 0.121743 0.185185 0.154208 0.155155
0.285285 0.000000 0.362525 0.000000 0.362525 0.000000 0.637475 0.121743 0.185185 0.154208 0.155155
0.286286 0.000000 0.359819 0.000000 0.359819 0.000000 0.640181 0.121743 0.185185 0.154208 0.155155
0.287287 0.000000 0.357114 0.000000 0.357114 0.000000 0.642886 0.121743 0.185185 0.154208 0.155155
0.288288 0.000000 0.354408 0.000000 0.354408 0.000000 0.645592 0.121743 0.185185 0.154208 0.155155
0.289289 0.000000 0.351703 0.000000 0.351703 0.000000 0.648297 0.121743 0.185185 0.154208 0.155155
0.290290 0.000000 0.348998 0.000000 0.348998 0.000000 0.651002 0.121743 0.185185 0.154208 0.155155
0.291291 0.000000 0.346292 0.000000 0.346292 0.000000 0.653708 0.121743 0.185185 0.154208 0.155155
0.292292 0.000000 0.343587 0.000000 0.343587 0.000000 0.656413 0.121743 0.185185 0.154208 0.155155
0.293293 0.000000 0.340881 0.000000 0.340881 0.000000 0.659119 0.121743 0.185185 0.154208 0.155155
0.294294 0.000000 0.338176 0.000000 0.338176 0.000000 0.661824 0.121743 0.185185 0.154208 0.155155
0.295295 0.000000 0.335471 0.000000 0.335471 0.000000 0.664529 0.121743 0.185185 0.154208 0.155155
0.296296 0.000000 0.332765 0.000000 0.332765 0.000000 0.667235 0.121743 0.185185 0.154208 0.155155
0.297297 0.000000 0.330060 0.000000 0.330060 0.000000 0.669940 0.121743 0.185185 0.154208 0.155155
0.298298 0.000000 0.327354 0.000000 0.327354 0.000000 0.672646 0.121743 0.185185 0.154208 0.155155
0.299299 0.000000 0.324649 0.000000 0.324649 0.000000 0.675351 0.121743 0.185185 0.154208 0.155155
0.300300 0.000000 0.321944 0.000000 0.321944 0.000000 0.678056 0.121743 0.185185 0.154208 0.155155
0.301301 0.002503 0.319238 0.001704 0.318439 0.000799 0.679058 0.121743 0.185185 0.154208 0.155155
0.302302 0.005005 0.316533 0.003421 0.314949 0.001584 0.680046 0.121743 0.185185 0.154208 0.155155
0.303303 0.007508 0.313827 0.005151 0.311471 0.002356 0.681021 0.121743 0.185185 0.154208 0.155155
0.304304 0.010010 0.311122 0.006896 0.308008 0.003114 0.681982 0.121743 0.185185 0.154208 0.155155
0.305305 0.012513 0.308417 0.008653 0.304557 0.003859 0.682930 0.121743 0.185185 0.154208 0.155155
0.306306 0.015015 0.305711 0.010425 0.301121 0.004590 0.683864 0.121743 0.185185 0.154208 0.155155
0.307307 0.017518 0.303006 0.012210 0.297698 0.005308 0.684785 0.121743 0.185185 0.154208 0.155155
0.308308 0.020020 0.300300 0.014008 0.294288 0.006012 0.685692 0.121743 0.185185 0.154208 0.155155
0.309309 0.022523 0.297595 0.015820 0.290892 0.006703 0.686585 0.121743 0.185185 0.154208 0.155155
0.310310 0.025025 0.294889 0.017645 0.287510 0.007380 0.687465 0.121743 0.185185 0.154208 0.155155
0.311311 0.027528 0.292184 0.019484 0.284141 0.008043 0.688332 0.121743 0.185185 0.154208 0.155155
0.312312 0.030030 0.289479 0.021337 0.280786 0.008693 0.689184 0.121743 0.185185 0.154208 0.155155
0.313313 0.032533 0.286773 0.023203 0.277444 0.009329 0.690024 0.121743 0.185185 0.154208 0.155155
0.314314 0.035035 0.284068 0.025083 0.274116 0.009952 0.690849 0.121743 0.185185 0.154208 0.155155
0.315315 0.037538 0.281362 0.026976 0.270801 0.010562 0.691662 0.121743 0.185185 0.154208 0.155155
0.316316 0.040040 0.278657 0.028883 0.267500 0.011157 0.692460 0.121743 0.185185 0.154208 0.155155
0.317317 0.042543 0.275952 0.030803 0.264212 0.011740 0.693246 0.121743 0.185185 0.154208 0.155155
0.318318 0.045045 0.273246 0.032737 0.260938 0.012308 0.694017 0.121743 0.185185 0.154208 0.155155
0.319319 0.047548 0.270541 0.034684 0.257677 0.012864 0.694775 0.121743 0.185185 0.154208 0.155155
0.320320 0.050050 0.267835 0.036645 0.254430 0.013405 0.695520 0.121743 0.185185 0.154208 0.155155
0.321321 0.052553 0.265130 0.038619 0.251197 0.013933 0.696251 0.121743 0.185185 0.154208 0.155155
0.322322 0.055055 0.262425 0.040607 0.247977 0.014448 0.696968 0.121743 0.185185 0.154208 0.155155
0.323323 0.057558 0.259719 0.042609 0.244770 0.014949 0.697672 0.121743 0.185185 0.154208 0.155155
0.324324 0.060060 0.257014 0.044624 0.241578 0.015436 0.698362 0.121743 0.185185 0.154208 0.155155
0.325325 0.062563 0.254308 0.046652 0.238398 0.015910 0.699039 0.121743 0.185185 0.154208 0.155155
0.326326 0.065065 0.251603 0.048695 0.235232 0.016371 0.699703 0.121743 0.185185 0.154208 0.155155
0.327327 0.067568 0.248898 0.050750 0.232080 0.016817 0.700352 0.121743 0.185185 0.154208 0.155155
0.328328 0.070070 0.246192 0.052819 0.228941 0.017251 0.700988 0.121743 0.185185 0.154208 0.155155
0.329329 0.072573 0.243487 0.054902 0.225816 0.017670 0.701611 0.121743 0.185185 0.154208 0.155155
0.330330 0.075075 0.240781 0.056998 0.222705 0.018077 0.702220 0.121743 0.185185 0.154208 0.155155
0.331331 0.077578 0.238076 0.059108 0.219607 0.018469 0.702816 0.121743 0.185185 0.154208 0.155155
0.332332 0.080080 0.235371 0.061232 0.216522 0.018848 0.703398 0.121743 0.185185 0.154208 0.155155
0.333333 0.082583 0.232665 0.063368 0.213451 0.019214 0.703966 0.121743 0.185185 0.154208 0.155155
0.334334 0.085085 0.229960 0.065519 0.210394 0.019566 0.704521 0.121743 0.185185 0.154208 0.155155
0.335335 0.087588 0.227254 0.067683 0.207350 0.019905 0.705063 0.121743 0.185185 0.154208 0.155155
0.336336 0.090090 0.224549 0.069860 0.204319 0.020230 0.705591 0.121743 0.185185 0.154208 0.155155
0.337337 0.092593 0.221843 0.072052 0.201302 0.020541 0.706105 0.121743 0.185185 0.154208 0.155155
0.338338 0.095095 0.219138 0.074256 0.198299 0.020839 0.706606 0.121743 0.185185 0.154208 0.155155
0.339339 0.097598 0.216433 0.076474 0.195309 0.021123 0.707093 0.121743 0.185185 0.154208 0.155155
0.340340 0.100100 0.213727 0.078706 0.192333 0.021394 0.707567 0.121743 0.185185 0.154208 0.155155
0.341341 0.102603 0.211022 0.080951 0.189370 0.021651 0.708027 0.121743 0.185185 0.154208 0.155155
0.342342 0.105105 0.208316 0.083210 0.186421 0.021895 0.708474 0.121743 0.185185 0.154208 0.155155
0.343343 0.107608 0.205611 0.085482 0.183486 0.022125 0.708907 0.121743 0.185185 0.154208 0.155155
0.344344 0.110110 0.202906 0.087768 0.180564 0.022342 0.709326 0.121743 0.185185 0.154208 0.155155
0.345345 0.112613 0.200200 0.090068 0.177655 0.022545 0.709732 0.121743 0.185185 0.154208 0.155155
0.346346 0.115115 0.197495 0.092380 0.174760 0.022735 0.710125 0.121743 0.185185 0.154208 0.155155
0.347347 0.117618 0.194789 0.094707 0.171879 0.022911 0.710504 0.121743 0.185185 0.154208 0.155155
0.348348 0.120120 0.192084 0.097047 0.169011 0.023073 0.710869 0.121743 0.185185 0.154208 0.155155
0.349349 0.122623 0.189379 0.099401 0.166156 0.023222 0.711221 0.121743 0.185185 0.154208 0.155155
0.350350 0.125125 0.186673 0.101768 0.163316 0.023358 0.711559 0.121743 0.185185 0.154208 0.155155
0.351351 0.127628 0.183968 0.104148 0.160488 0.023479 0.711884 0.121743 0.185185 0.154208 0.155155
0.352352 0.130130 0.181262 0.106542 0.157675 0.023588 0.712195 0.121743 0.185185 0.154208 0.155155
0.353353 0.132633 0.178557 0.108950 0.154874 0.023682 0.712493 0.121743 0.185185 0.154208 0.155155
0.354354 0.135135 0.175852 0.111371 0.152088 0.023764 0.712777 0.121743 0.185185 0.154208 0.155155
0.355355 0.137638 0.173146 0.113806 0.149315 0.023831 0.713048 0.121743 0.185185 0.154208 0.155155
0.356356 0.140140 0.170441 0.116255 0.146555 0.023886 0.713305 0.121743 0.185185 0.154208 0.155155
0.357357 0.142643 0.167735 0.118716 0.143809 0.023926 0.713548 0.121743 0.185185 0.154208 0.155155
0.358358 0.145145 0.165030 0.121192 0.141077 0.023953 0.713778 0.121743 0.185185 0.154208 0.155155
0.359359 0.147648 0.162324 0.123681 0.138358 0.023967 0.713995 0.121743 0.185185 0.154208 0.155155
0.360360 0.150150 0.159619 0.126183 0.135652 0.023967 0.714198 0.121743 0.185185 0.154208 0.155155
0.361361 0.152653 0.156914 0.128699 0.132960 0.023953 0.714387 0.121743 0.185185 0.154208 0.155155
0.362362 0.155155 0.154208 0.131229 0.130282 0.023926 0.714563 0.121743 0.185185 0.154208 0.155155
0.363363 0.157658 0.151503 0.133772 0.127617 0.023886 0.714725 0.121743 0.185185 0.154208 0.155155
0.364364 0.160160 0.148797 0.136329 0.124966 0.023831 0.714874 0.121743 0.185185 0.154208 0.155155
0.365365 0.162663 0.146092 0.138899 0.122328 0.023764 0.715009 0.121743 0.185185 0.154208 0.155155
0.366366 0.165165 0.143387 0.141483 0.119704 0.023682 0.715131 0.121743 0.185185 0.154208 0.155155
0.367367 0.167668 0.140681 0.144080 0.117094 0.023588 0.715239 0.121743 0.185185 0.154208 0.155155
0.368368 0.170170 0.137976 0.146691 0.114496 0.023479 0.715333 0.121743 0.185185 0.154208 0.155155
0.369369 0.172673 0.135270 0.149315 0.111913 0.023358 0.715414 0.121743 0.185185 0.154208 0.155155
0.370370 0.175175 0.132565 0.151953 0.109343 0.023222 0.715482 0.121743 0.185185 0.154208 0.155155
0.371371 0.177678 0.129860 0.154605 0.106786 0.023073 0.715536 0.121743 0.185185 0.154208 0.155155
0.372372 0.180180 0.127154 0.157270 0.104244 0.022911 0.715576 0.121743 0.185185 0.154208 0.155155
0.373373 0.182683 0.124449 0.159948 0.101714 0.022735 0.715603 0.121743 0.185185 0.154208 0.155155
0.374374 0.185185 0.121743 0.162640 0.099198 0.022545 0.715617 0.121743 0.185185 0.154208 0.155155
0.375375 0.187688 0.119038 0.165346 0.096696 0.022342 0.715616 0.121743 0.185185 0.154208 0.155155
0.376376 0.190190 0.116333 0.168065 0.094207 0.022125 0.715603 0.121743 0.185185 0.154208 0.155155
0.377377 0.192693 0.113627 0.170798 0.091732 0.021895 0.715575 0.121743 0.185185 0.154208 0.155155
0.378378 0.195195 0.110922 0.173544 0.089270 0.021651 0.715534 0.121743 0.185185 0.154208 0.155155
0.379379 0.197698 0.108216 0.176304 0.086822 0.021394 0.715480 0.121743 0.185185 0.154208 0.155155
0.380380 0.200200 0.105511 0.179077 0.084388 0.021123 0.715412 0.121743 0.185185 0.154208 0.155155
0.381381 0.202703 0.102806 0.181864 0.081967 0.020839 0.715331 0.121743 0.185185 0.154208 0.155155
0.382382 0.205205 0.100100 0.184664 0.079559 0.020541 0.715236 0.121743 0.185185 0.154208 0.155155
0.383383 0.207708 0.097395 0.187478 0.077165 0.020230 0.715127 0.121743 0.185185 0.154208 0.155155
0.384384 0.210210 0.094689 0.190306 0.074785 0.019905 0.715005 0.121743 0.185185 0.154208 0.155155
0.385385 0.212713 0.091984 0.193147 0.072418 0.019566 0.714870 0.121743 0.185185 0.154208 0.155155
0.386386 0.215215 0.089278 0.196001 0.070064 0.019214 0.714720 0.121743 0.185185 0.154208 0.155155
0.387387 0.217718 0.086573 0.198869 0.067725 0.018848 0.714558 0.121743 0.185185 0.154208 0.155155
0.388388 0.220220 0.083868 0.201751 0.065398 0.018469 0.714381 0.121743 0.185185 0.154208 0.155155
0.389389 0.222723 0.081162 0.204646 0.063086 0.018077 0.714192 0.121743 0.185185 0.154208 0.155155
0.390390 0.225225 0.078457 0.207555 0.060786 0.017670 0.713988 0.121743 0.185185 0.154208 0.155155
0.391391 0.227728 0.075751 0.210477 0.058501 0.017251 0.713772 0.121743 0.185185 0.154208 0.155155
0.392392 0.230230 0.073046 0.213413 0.056229 0.016817 0.713541 0.121743 0.185185 0.154208 0.155155
0.393393 0.232733 0.070341 0.216362 0.053970 0.016371 0.713297 0.121743 0.185185 0.154208 0.155155
0.394394 0.235235 0.067635 0.219325 0.051725 0.015910 0.713040 0.121743 0.185185 0.154208 0.155155
0.395395 0.237738 0.064930 0.222301 0.049494 0.015436 0.712769 0.121743 0.185185 0.154208 0.155155
0.396396 0.240240 0.062224 0.225291 0.047276 0.014949 0.712484 0.121743 0.185185 0.154208 0.155155
0.397397 0.242743 0.059519 0.228295 0.045071 0.014448 0.712186 0.121743 0.185185 0.154208 0.155155
0.398398 0.245245 0.056814 0.231312 0.042880 0.013933 0.711874 0.121743 0.185185 0.154208 0.155155
0.399399 0.247748 0.054108 0.234343 0.040703 0.013405 0.711549 0.121743 0.185185 0.154208 0.155155
0.400400 0.250250 0.051403 0.237387 0.038539 0.012864 0.711211 0.121743 0.185185 0.154208 0.155155
0.401401 0.252753 0.048697 0.240444 0.036389 0.012308 0.710858 0.121743 0.185185 0.154208 0.155155
0.402402 0.255255 0.045992 0.243516 0.034252 0.011740 0.710492 0.121743 0.185185 0.154208 0.155155
0.403403 0.257758 0.043287 0.246600 0.032129 0.011157 0.710113 0.121743 0.185185 0.154208 0.155155
0.404404 0.260260 0.040581 0.249699 0.030019 0.010562 0.709720 0.121743 0.185185 0.154208 0.155155
0.405405 0.262763 0.037876 0.252810 0.027923 0.009952 0.709314 0.121743 0.185185 0.154208 0.155155
0.406406 0.265265 0.035170 0.255936 0.025841 0.009329 0.708894 0.121743 0.185185 0.154208 0.155155
0.407407 0.267768 0.032465 0.259075 0.023772 0.008693 0.708460 0.121743 0.185185 0.154208 0.155155
0.408408 0.270270 0.029759 0.262227 0.021716 0.008043 0.708013 0.121743 0.185185 0.154208 0.155155
0.409409 0.272773 0.027054 0.265393 0.019674 0.007380 0.707553 0.121743 0.185185 0.154208 0.155155
0.410410 0.275275 0.024349 0.268573 0.017646 0.006703 0.707079 0.121743 0.185185 0.154208 0.155155
0.411411 0.277778 0.021643 0.271766 0.015631 0.006012 0.706591 0.121743 0.185185 0.154208 0.155155
0.412412 0.280280 0.018938 0.274972 0.013630 0.005308 0.706090 0.121743 0.185185 0.154208 0.155155
0.413413 0.282783 0.016232 0.278193 0.011642 0.004590 0.705575 0.121743 0.185185 0.154208 0.155155
0.414414 0.285285 0.013527 0.281426 0.009668 0.003859 0.705047 0.121743 0.185185 0.154208 0.155155
0.415415 0.287788 0.010822 0.284673 0.007707 0.003114 0.704505 0.121743 0.185185 0.154208 0.155155
0.416416 0.290290 0.008116 0.287934 0.005760 0.002356 0.703950 0.121743 0.185185 0.154208 0.155155
0.417417 0.292793 0.005411 0.291209 0.003827 0.001584 0.703381 0.121743 0.185185 0.154208 0.155155
0.418418 0.295295 0.002705 0.294496 0.001907 0.000799 0.702798 0.121743 0.185185 0.154208 0.155155
0.419419 0.297798 0.000000 0.297798 0.000000 0.000000 0.702202 0.121743 0.185185 0.154208 0.155155
0.420420 0.300300 0.000000 0.300300 0.000000 0.000000 0.699700 0.121743 0.185185 0.154208 0.155155
0.421421 0.302803 0.000000 0.302803 0.000000 0.000000 0.697197 0.121743 0.185185 0.154208 0.155155
0.422422 0.305305 0.000000 0.305305 0.000000 0.000000 0.694695 0.121743 0.185185 0.154208 0.155155
0.423423 0.307808 0.000000 0.307808 0.000000 0.000000 0.692192 0.121743 0.185185 0.154208 0.155155
0.424424 0.310310 0.000000 0.310310 0.000000 0.000000 0.689690 0.121743 0.185185 0.154208 0.155155
0.425425 0.312813 0.000000 0.312813 0.000000 0.000000 0.687187 0.121743 0.185185 0.154208 0.155155
0.426426 0.315315 0.000000 0.315315 0.000000 0.000000 0.684685 0.121743 0.185185 0.154208 0.155155
0.427427 0.317818 0.000000 0.317818 0.000000 0.000000 0.682182 0.121743 0.185185 0.154208 0.155155
0.428428 0.320320 0.000000 0.320320 0.000000 0.000000 0.679680 0.121743 0.185185 0.154208 0.155155
0.429429 0.322823 0.000000 0.322823 0.000000 0.000000 0.677177 0.121743 0.185185 0.154208 0.155155
0.430430 0.325325 0.000000 0.325325 0.000000 0.000000 0.674675 0.121743 0.185185 0.154208 0.155155
0.431431 0.327828 0.000000 0.327828 0.000000 0.000000 0.672172 0.121743 0.185185 0.154208 0.155155
0.432432 0.330330 0.000000 0.330330 0.000000 0.000000 0.669670 0.121743 0.185185 0.154208 0.155155
0.433433 0.332833 0.000000 0.332833 0.000000 0.000000 0.667167 0.121743 0.185185 0.154208 0.155155
0.434434 0.335335 0.000000 0.335335 0.000000 0.000000 0.664665 0.121743 0.185185 0.154208 0.155155
0.435435 0.337838 0.000000 0.337838 0.000000 0.000000 0.662162 0.121743 0.185185 0.154208 0.155155
0.436436 0.340340 0.000000 0.340340 0.000000 0.000000 0.659660 0.121743 0.185185 0.154208 0.155155
0.437437 0.342843 0.000000 0.342843 0.000000 0.000000 0.657157 0.121743 0.185185 0.154208 0.155155
0.438438 0.345345 0.000000 0.345345 0.000000 0.000000 0.654655 0.121743 0.185185 0.154208 0.155155
0.439439 0.347848 0.000000 0.347848 0.000000 0.000000 0.652152 0.121743 0.185185 0.154208 0.155155
0.440440 0.350350 0.000000 0.350350 0.000000 0.000000 0.649650 0.121743 0.185185 0.154208 0.155155
0.441441 0.352853 0.000000 0.352853 0.000000 0.000000 0.647147 0.121743 0.185185 0.154208 0.155155
0.442442 0.355355 0.000000 0.355355 0.000000 0.000000 0.644645 0.121743 0.185185 0.154208 0.155155
0.443443 0.357858 0.000000 0.357858 0.000000 0.000000 0.642142 0.121743 0.185185 0.154208 0.155155
0.444444 0.360360 0.000000 0.360360 0.000000 0.000000 0.639640 0.121743 0.185185 0.154208 0.155155
0.445445 0.362863 0.000000 0.362863 0.000000 0.000000 0.637137 0.121743 0.185185 0.154208 0.155155
0.446446 0.365365 0.000000 0.365365 0.000000 0.000000 0.634635 0.121743 0.185185 0.154208 0.155155
0.447447 0.367868 0.000000 0.367868 0.000000 0.000000 0.632132 0.121743 0.185185 0.154208 0.155155
0.448448 0.370370 0.000000 0.370370 0.000000 0.000000 0.629630 0.121743 0.185185 0.154208 0.155155
0.449449 0.372873 0.000000 0.372873 0.000000 0.000000 0.627127 0.121743 0.185185 0.154208 0.155155
0.450450 0.375375 0.000000 0.375375 0.000000 0.000000 0.624625 0.121743 0.185185 0.154208 0.155155
0.451451 0.377878 0.000000 0.377878 0.000000 0.000000 0.622122 0.121743 0.185185 0.154208 0.155155
0.452452 0.380380 0.000000 0.380380 0.000000 0.000000 0.619620 0.121743 0.185185 0.154208 0.155155
0.453453 0.382883 0.000000 0.382883 0.000000 0.000000 0.617117 0.121743 0.185185 0.154208 0.155155
0.454454 0.385385 0.000000 0.385385 0.000000 0.000000 0.614615 0.121743 0.185185 0.154208 0.155155
0.455455 0.387888 0.000000 0.387888 0.000000 0.000000 0.612112 0.121743 0.185185 0.154208 0.155155
0.456456 0.390390 0.000000 0.390390 0.000000 0.000000 0.609610 0.121743 0.185185 0.154208 0.155155
0.457457 0.392893 0.000000 0.392893 0.000000 0.000000 0.607107 0.121743 0.185185 0.154208 0.155155
0.458458 0.395395 0.000000 0.395395 0.000000 0.000000 0.604605 0.121743 0.185185 0.154208 0.155155
0.459459 0.397898 0.000000 0.397898 0.000000 0.000000 0.602102 0.121743 0.185185 0.154208 0.155155
0.460460 0.400400 0.000000 0.400400 0.000000 0.000000 0.599600 0.121743 0.185185 0.154208 0.155155
0.461461 0.402903 0.000000 0.402903 0.000000 0.000000 0.597097 0.121743 0.185185 0.154208 0.155155
0.462462 0.405405 0.000000 0.405405 0.000000 0.000000 0.594595 0.121743 0.185185 0.154208 0.155155
0.463463 0.407908 0.000000 0.407908 0.000000 0.000000 0.592092 0.121743 0.185185 0.154208 0.155155
0.464464 0.410410 0.000000 0.410410 0.000000 0.000000 0.589590 0.121743 0.185185 0.154208 0.155155
0.465465 0.412913 0.000000 0.412913 0.000000 0.000000 0.587087 0.121743 0.185185 0.154208 0.155155
0.466466 0.415415 0.000000 0.415415 0.000000 0.000000 0.584585 0.121743 0.185185 0.154208 0.155155
0.467467 0.417918 0.000000 0.417918 0.000000 0.000000 0.582082 0.121743 0.185185 0.154208 0.155155
0.468468 0.420420 0.000000 0.420420 0.000000 0.000000 0.579580 0.121743 0.185185 0.154208 0.155155
0.469469 0.422923 0.000000 0.422923 0.000000 0.000000 0.577077 0.121743 0.185185 0.154208 0.155155
0.470470 0.425425 0.000000 0.425425 0.000000 0.000000 0.574575 0.121743 0.185185 0.154208 0.155155
0.471471 0.427928 0.000000 0.427928 0.000000 0.000000 0.572072 0.121743 0.185185 0.154208 0.155155
0.472472 0.430430 0.000000 0.430430 0.000000 0.000000 0.569570 0.121743 0.185185 0.154208 0.155155
0.473473 0.432933 0.000000 0.432933 0.000000 0.000000 0.567067 0.121743 0.185185 0.154208 0.155155
0.474474 0.435435 0.000000 0.435435 0.000000 0.000000 0.564565 0.121743 0.185185 0.154208 0.155155
0.475475 0.437938 0.000000 0.437938 0.000000 0.000000 0.562062 0.121743 0.185185 0.154208 0.155155
0.476476 0.440440 0.000000 0.440440 0.000000 0.000000 0.559560 0.121743 0.185185 0.154208 0.155155
0.477477 0.442943 0.000000 0.442943 0.000000 0.000000 0.557057 0.121743 0.185185 0.154208 0.155155
0.478478 0.445445 0.000000 0.445445 0.000000 0.000000 0.554555 0.121743 0.185185 0.154208 0.155155
0.479479 0.447948 0.000000 0.447948 0.000000 0.000000 0.552052 0.121743 0.185185 0.154208 0.155155
0.480480 0.450450 0.000000 0.450450 0.000000 0.000000 0.549550 0.121743 0.185185 0.154208 0.155155
0.481481 0.452953 0.000000 0.452953 0.000000 0.000000 0.547047 0.121743 0.185185 0.154208 0.155155
0.482482 0.455455 0.000000 0.455455 0.000000 0.000000 0.544545 0.121743 0.185185 0.154208 0.155155
0.483483 0.457958 0.000000 0.457958 0.000000 0.000000 0.542042 0.121743 0.185185 0.154208 0.155155
0.484484 0.460460 0.000000 0.460460 0.000000 0.000000 0.539540 0.121743 0.185185 0.154208 0.155155
0.485485 0.462963 0.000000 0.462963 0.000000 0.000000 0.537037 0.121743 0.185185 0.154208 0.155155
0.486486 0.465465 0.000000 0.465465 0.000000 0.000000 0.534535 0.121743 0.185185 0.154208 0.155155
0.487487 0.467968 0.000000 0.467968 0.000000 0.000000 0.532032 0.121743 0.185185 0.154208 0.155155
0.488488 0.470470 0.000000 0.470470 0.000000 0.000000 0.529530 0.121743 0.185185 0.154208 0.155155
0.489489 0.472973 0.000000 0.472973 0.000000 0.000000 0.527027 0.121743 0.185185 0.154208 0.155155
0.490490 0.475475 0.000000 0.475475 0.000000 0.000000 0.524525 0.121743 0.185185 0.154208 0.155155
0.491491 0.477978 0.000000 0.477978 0.000000 0.000000 0.522022 0.121743 0.185185 0.154208 0.155155
0.492492 0.480480 0.000000 0.480480 0.000000 0.000000 0.519520 0.121743 0.185185 0.154208 0.155155
0.493493 0.482983 0.000000 0.482983 0.000000 0.000000 0.517017 0.121743 0.185185 0.154208 0.155155
0.494494 0.485485 0.000000 0.485485 0.000000 0.000000 0.514515 0.121743 0.185185 0.154208 0.155155
0.495495 0.487988 0.000000 0.487988 0.000000 0.000000 0.512012 0.121743 0.185185 0.154208 0.155155
0.496496 0.490490 0.000000 0.490490 0.000000 0.000000 0.509510 0.121743 0.185185 0.154208 0.155155
0.497497 0.492993 0.000000 0.492993 0.000000 0.000000 0.507007 0.121743 0.185185 0.154208 0.155155
0.498498 0.495495 0.000000 0.495495 0.000000 0.000000 0.504505 0.121743 0.185185 0.154208 0.155155
0.499499 0.497998 0.000000 0.497998 0.000000 0.000000 0.502002 0.121743 0.185185 0.154208 0.155155
0.500501 0.500501 0.000000 0.500501 0.000000 0.000000 0.499499 0.121743 0.185185 0.154208 0.155155
0.501502 0.503003 0.000000 0.503003 0.000000 0.000000 0.496997 0.121743 0.185185 0.154208 0.155155
0.502503 0.505506 0.000000 0.505506 0.000000 0.000000 0.494494 0.121743 0.185185 0.154208 0.155155
0.503504 0.508008 0.000000 0.508008 0.000000 0.000000 0.491992 0.121743 0.185185 0.154208 0.155155
0.504505 0.510511 0.000000 0.510511 0.000000 0.000000 0.489489 0.121743 0.185185 0.154208 0.155155
0.505506 0.513013 0.000000 0.513013 0.000000 0.000000 0.486987 0.121743 0.185185 0.154208 0.155155
0.506507 0.515516 0.000000 0.515516 0.000000 0.000000 0.484484 0.121743 0.185185 0.154208 0.155155
0.507508 0.518018 0.000000 0.518018 0.000000 0.000000 0.481982 0.121743 0.185185 0.154208 0.155155
0.508509 0.520521 0.000000 0.520521 0.000000 0.000000 0.479479 0.121743 0.185185 0.154208 0.155155
0.509510 0.523023 0.000000 0.523023 0.000000 0.000000 0.476977 0.121743 0.185185 0.154208 0.155155
0.510511 0.525526 0.000000 0.525526 0.000000 0.000000 0.474474 0.121743 0.185185 0.154208 0.155155
0.511512 0.528028 0.000000 0.528028 0.000000 0.000000 0.471972 0.121743 0.185185 0.154208 0.155155
0.512513 0.530531 0.000000 0.530531 0.000000 0.000000 0.469469 0.121743 0.185185 0.154208 0.155155
0.513514 0.533033 0.000000 0.533033 0.000000 0.000000 0.466967 0.121743 0.185185 0.154208 0.155155
0.514515 0.535536 0.000000 0.535536 0.000000 0.000000 0.464464 0.121743 0.185185 0.154208 0.155155
0.515516 0.538038 0.000000 0.538038 0.000000 0.000000 0.461962 0.121743 0.185185 0.154208 0.155155
0.516517 0.540541 0.000000 0.540541 0.000000 0.000000 0.459459 0.121743 0.185185 0.154208 0.155155
0.517518 0.543043 0.000000 0.543043 0.000000 0.000000 0.456957 0.121743 0.185185 0.154208 0.155155
0.518519 0.545546 0.000000 0.545546 0.000000 0.000000 0.454454 0.121743 0.185185 0.154208 0.155155
0.519520 0.548048 0.000000 0.548048 0.000000 0.000000 0.451952 0.121743 0.185185 0.154208 0.155155
0.520521 0.550551 0.000000 0.550551 0.000000 0.000000 0.449449 0.121743 0.185185 0.154208 0.155155
0.521522 0.553053 0.000000 0.553053 0.000000 0.000000 0.446947 0.121743 0.185185 0.154208 0.155155
0.522523 0.555556 0.000000 0.555556 0.000000 0.000000 0.444444 0.121743 0.185185 0.154208 0.155155
0.523524 0.558058 0.000000 0.558058 0.000000 0.000000 0.441942 0.121743 0.185185 0.154208 0.155155
0.524525 0.560561 0.000000 0.560561 0.000000 0.000000 0.439439 0.121743 0.185185 0.154208 0.155155
0.525526 0.563063 0.000000 0.563063 0.000000 0.000000 0.436937 0.121743 0.185185 0.154208 0.155155
0.526527 0.565566 0.000000 0.565566 0.000000 0.000000 0.434434 0.121743 0.185185 0.154208 0.155155
0.527528 0.568068 0.000000 0.568068 0.000000 0.000000 0.431932 0.121743 0.185185 0.154208 0.155155
0.528529 0.570571 0.000000 0.570571 0.000000 0.000000 0.429429 0.121743 0.185185 0.154208 0.155155
0.529530 0.573073 0.000000 0.573073 0.000000 0.000000 0.426927 0.121743 0.185185 0.154208 0.155155
0.530531 0.575576 0.000000 0.575576 0.000000 0.000000 0.424424 0.121743 0.185185 0.154208 0.155155
0.531532 0.578078 0.000000 0.578078 0.000000 0.000000 0.421922 0.121743 0.185185 0.154208 0.155155
0.532533 0.580581 0.000000 0.580581 0.000000 0.000000 0.419419 0.121743 0.185185 0.154208 0.155155
0.533534 0.583083 0.000000 0.583083 0.000000 0.000000 0.416917 0.121743 0.185185 0.154208 0.155155
0.534535 0.585586 0.000000 0.585586 0.000000 0.000000 0.414414 0.121743 0.185185 0.154208 0.155155
0.535536 0.588088 0.000000 0.588088 0.000000 0.000000 0.411912 0.121743 0.185185 0.154208 0.155155
0.536537 0.590591 0.000000 0.590591 0.000000 0.000000 0.409409 0.121743 0.185185 0.154208 0.155155
0.537538 0.593093 0.000000 0.593093 0.000000 0.000000 0.406907 0.121743 0.185185 0.154208 0.155155
0.538539 0.595596 0.000000 0.595596 0.000000 0.000000 0.404404 0.121743 0.185185 0.154208 0.155155
0.539540 0.598098 0.000000 0.598098 0.000000 0.000000 0.401902 0.121743 0.185185 0.154208 0.155155
0.540541 0.600601 0.000000 0.600601 0.000000 0.000000 0.399399 0.121743 0.185185 0.154208 0.155155
0.541542 0.603103 0.000000 0.603103 0.000000 0.000000 0.396897 0.121743 0.185185 0.154208 0.155155
0.542543 0.605606 0.000000 0.605606 0.000000 0.000000 0.394394 0.121743 0.185185 0.154208 0.155155
0.543544 0.608108 0.000000 0.608108 0.000000 0.000000 0.391892 0.121743 0.185185 0.154208 0.155155
0.544545 0.610611 0.000000 0.610611 0.000000 0.000000 0.389389 0.121743 0.185185 0.154208 0.155155
0.545546 0.613113 0.000000 0.613113 0.000000 0.000000 0.386887 0.121743 0.185185 0.154208 0.155155
0.546547 0.615616 0.000000 0.615616 0.000000 0.000000 0.384384 0.121743 0.185185 0.154208 0.155155
0.547548 0.618118 0.000000 0.618118 0.000000 0.000000 0.381882 0.121743 0.185185 0.154208 0.155155
0.548549 0.620621 0.000000 0.620621 0.000000 0.000000 0.379379 0.121743 0.185185 0.154208 0.155155
0.549550 0.623123 0.000000 0.623123 0.000000 0.000000 0.376877 0.121743 0.185185 0.154208 0.155155
0.550551 0.625626 0.000000 0.625626 0.000000 0.000000 0.374374 0.121743 0.185185 0.154208 0.155155
0.551552 0.628128 0.000000 0.628128 0.000000 0.000000 0.371872 0.121743 0.185185 0.154208 0.155155
0.552553 0.630631 0.000000 0.630631 0.000000 0.000000 0.369369 0.121743 0.185185 0.154208 0.155155
0.553554 0.633133 0.000000 0.633133 0.000000 0.000000 0.366867 0.121743 0.185185 0.154208 0.155155
0.554555 0.635636 0.000000 0.635636 0.000000 0.000000 0.364364 0.121743 0.185185 0.154208 0.155155
0.555556 0.638138 0.000000 0.638138 0.000000 0.000000 0.361862 0.121743 0.185185 0.154208 0.155155
0.556557 0.640641 0.000000 0.640641 0.000000 0.000000 0.359359 0.121743 0.185185 0.154208 0.155155
0.557558 0.643143 0.000000 0.643143 0.000000 0.000000 0.356857 0.121743 0.185185 0.154208 0.155155
0.558559 0.645646 0.000000 0.645646 0.000000 0.000000 0.354354 0.121743 0.185185 0.154208 0.155155
0.559560 0.648148 0.000000 0.648148 0.000000 0.000000 0.351852 0.121743 0.185185 0.154208 0.155155
0.560561 0.650651 0.000000 0.650651 0.000000 0.000000 0.349349 0.121743 0.185185 0.154208 0.155155
0.561562 0.653153 0.000000 0.653153 0.000000 0.000000 0.346847 0.121743 0.185185 0.154208 0.155155
0.562563 0.655656 0.000000 0.655656 0.000000 0.000000 0.344344 0.121743 0.185185 0.154208 0.155155
0.563564 0.658158 0.000000 0.658158 0.000000 0.000000 0.341842 0.121743 0.185185 0.154208 0.155155
0.564565 0.660661 0.000000 0.660661 0.000000 0.000000 0.339339 0.121743 0.185185 0.154208 0.155155
0.565566 0.663163 0.000000 0.663163 0.000000 0.000000 0.336837 0.121743 0.185185 0.154208 0.155155
0.566567 0.665666 0.000000 0.665666 0.000000 0.000000 0.334334 0.121743 0.185185 0.154208 0.155155
0.567568 0.668168 0.000000 0.668168 0.000000 0.000000 0.331832 0.121743 0.185185 0.154208 0.155155
0.568569 0.670671 0.000000 0.670671 0.000000 0.000000 0.329329 0.121743 0.185185 0.154208 0.155155
0.569570 0.673173 0.000000 0.673173 0.000000 0.000000 0.326827 0.121743 0.185185 0.154208 0.155155
0.570571 0.675676 0.000000 0.675676 0.000000 0.000000 0.324324 0.121743 0.185185 0.154208 0.155155
0.571572 0.678178 0.000000 0.678178 0.000000 0.000000 0.321822 0.121743 0.185185 0.154208 0.155155
0.572573 0.680681 0.000000 0.680681 0.000000 0.000000 0.319319 0.121743 0.185185 0.154208 0.155155
0.573574 0.683183 0.000000 0.683183 0.000000 0.000000 0.316817 0.121743 0.185185 0.154208 0.155155
0.574575 0.685686 0.000000 0.685686 0.000000 0.000000 0.314314 0.121743 0.185185 0.154208 0.155155
0.575576 0.688188 0.000000 0.688188 0.000000 0.000000 0.311812 0.121743 0.185185 0.154208 0.155155
0.576577 0.690691 0.000000 0.690691 0.000000 0.000000 0.309309 0.121743 0.185185 0.154208 0.155155
0.577578 0.693193 0.000000 0.693193 0.000000 0.000000 0.306807 0.121743 0.185185 0.154208 0.155155
0.578579 0.695696 0.000000 0.695696 0.000000 0.000000 0.304304 0.121743 0.185185 0.154208 0.155155
0.579580 0.698198 0.000000 0.698198 0.000000 0.000000 0.301802 0.121743 0.185185 0.154208 0.155155
0.580581 0.700701 0.000000 0.700701 0.000000 0.000000 0.299299 0.121743 0.185185 0.154208 0.155155
0.581582 0.703203 0.000000 0.703203 0.000000 0.000000 0.296797 0.121743 0.185185 0.154208 0.155155
0.582583 0.705706 0.000000 0.705706 0.000000 0.000000 0.294294 0.121743 0.185185 0.154208 0.155155
0.583584 0.708208 0.000000 0.708208 0.000000 0.000000 0.291792 0.121743 0.185185 0.154208 0.155155
0.584585 0.710711 0.000000 0.710711 0.000000 0.000000 0.289289 0.121743 0.185185 0.154208 0.155155
0.585586 0.713213 0.000000 0.713213 0.000000 0.000000 0.286787 0.121743 0.185185 0.154208 0.155155
0.586587 0.715716 0.000000 0.715716 0.000000 0.000000 0.284284 0.121743 0.185185 0.154208 0.155155
0.587588 0.718218 0.000000 0.718218 0.000000 0.000000 0.281782 0.121743 0.185185 0.154208 0.155155
0.588589 0.720721 0.000000 0.720721 0.000000 0.000000 0.279279 0.121743 0.185185 0.154208 0.155155
0.589590 0.723223 0.000000 0.723223 0.000000 0.000000 0.276777 0.121743 0.185185 0.154208 0.155155
0.590591 0.725726 0.000000 0.725726 0.000000 0.000000 0.274274 0.121743 0.185185 0.154208 0.155155
0.591592 0.728228 0.000000 0.728228 0.000000 0.000000 0.271772 0.121743 0.185185 0.154208 0.155155
0.592593 0.730731 0.000000 0.730731 0.000000 0.000000 0.269269 0.121743 0.185185 0.154208 0.155155
0.593594 0.733233 0.000000 0.733233 0.000000 0.000000 0.266767 0.121743 0.185185 0.154208 0.155155
0.594595 0.735736 0.000000 0.735736 0.000000 0.000000 0.264264 0.121743 0.185185 0.154208 0.155155
0.595596 0.738238 0.000000 0.738238 0.000000 0.000000 0.261762 0.121743 0.185185 0.154208 0.155155
0.596597 0.740741 0.000000 0.740741 0.000000 0.000000 0.259259 0.121743 0.185185 0.154208 0.155155
0.597598 0.743243 0.000000 0.743243 0.000000 0.000000 0.256757 0.121743 0.185185 0.154208 0.155155
0.598599 0.745746 0.000000 0.745746 0.000000 0.000000 0.254254 0.121743 0.185185 0.154208 0.155155
0.599600 0.748248 0.000000 0.748248 0.000000 0.000000 0.251752 0.121743 0.185185 0.154208 0.155155
0.600601 0.750751 0.000000 0.750751 0.000000 0.000000 0.249249 0.121743 0.185185 0.154208 0.155155
0.601602 0.753253 0.000000 0.753253 0.000000 0.000000 0.246747 0.121743 0.185185 0.154208 0.155155
0.602603 0.755756 0.000000 0.755756 0.000000 0.000000 0.244244 0.121743 0.185185 0.154208 0.155155
0.603604 0.758258 0.000000 0.758258 0.000000 0.000000 0.241742 0.121743 0.185185 0.154208 0.155155
0.604605 0.760761 0.000000 0.760761 0.000000 0.000000 0.239239 0.121743 0.185185 0.154208 0.155155
0.605606 0.763263 0.000000 0.763263 0.000000 0.000000 0.236737 0.121743 0.185185 0.154208 0.155155
0.606607 0.765766 0.000000 0.765766 0.000000 0.000000 0.234234 0.121743 0.185185 0.154208 0.155155
0.607608 0.768268 0.000000 0.768268 0.000000 0.000000 0.231732 0.121743 0.185185 0.154208 0.155155
0.608609 0.770771 0.000000 0.770771 0.000000 0.000000 0.229229 0.121743 0.185185 0.154208 0.155155
0.609610 0.773273 0.000000 0.773273 0.000000 0.000000 0.226727 0.121743 0.185185 0.154208 0.155155
0.610611 0.775776 0.000000 0.775776 0.000000 0.000000 0.224224 0.121743 0.185185 0.154208 0.155155
0.611612 0.778278 0.000000 0.778278 0.000000 0.000000 0.221722 0.121743 0.185185 0.154208 0.155155
0.612613 0.780781 0.000000 0.780781 0.000000 0.000000 0.219219 0.121743 0.185185 0.154208 0.155155
0.613614 0.783283 0.000000 0.783283 0.000000 0.000000 0.216717 0.121743 0.185185 0.154208 0.155155
0.614615 0.785786 0.000000 0.785786 0.000000 0.000000 0.214214 0.121743 0.185185 0.154208 0.155155
0.615616 0.788288 0.000000 0.788288 0.000000 0.000000 0.211712 0.121743 0.185185 0.154208 0.155155
0.616617 0.790791 0.000000 0.790791 0.000000 0.000000 0.209209 0.121743 0.185185 0.154208 0.155155
0.617618 0.793293 0.000000 0.793293 0.000000 0.000000 0.206707 0.121743 0.185185 0.154208 0.155155
0.618619 0.795796 0.000000 0.795796 0.000000 0.000000 0.204204 0.121743 0.185185 0.154208 0.155155
0.619620 0.798298 0.000000 0.798298 0.000000 0.000000 0.201702 0.121743 0.185185 0.154208 0.155155
0.620621 0.800801 0.000000 0.800801 0.000000 0.000000 0.199199 0.121743 0.185185 0.154208 0.155155
0.621622 0.803303 0.000000 0.803303 0.000000 0.000000 0.196697 0.121743 0.185185 0.154208 0.155155
0.622623 0.805806 0.000000 0.805806 0.000000 0.000000 0.194194 0.121743 0.185185 0.154208 0.155155
0.623624 0.808308 0.000000 0.808308 0.000000 0.000000 0.191692 0.121743 0.185185 0.154208 0.155155
0.624625 0.810811 0.000000 0.810811 0.000000 0.000000 0.189189 0.121743 0.185185 0.154208 0.155155
0.625626 0.813313 0.000000 0.813313 0.000000 0.000000 0.186687 0.121743 0.185185 0.154208 0.155155
0.626627 0.815816 0.000000 0.815816 0.000000 0.000000 0.184184 0.121743 0.185185 0.154208 0.155155
0.627628 0.818318 0.000000 0.818318 0.000000 0.000000 0.181682 0.121743 0.185185 0.154208 0.155155
0.628629 0.820821 0.000000 0.820821 0.000000 0.000000 0.179179 0.121743 0.185185 0.154208 0.155155
0.629630 0.823323 0.000000 0.823323 0.000000 0.000000 0.176677 0.121743 0.185185 0.154208 0.155155
0.630631 0.825826 0.000000 0.825826 0.000000 0.000000 0.174174 0.121743 0.185185 0.154208 0.155155
0.631632 0.828328 0.000000 0.828328 0.000000 0.000000 0.171672 0.121743 0.185185 0.154208 0.155155
0.632633 0.830831 0.000000 0.830831 0.000000 0.000000 0.169169 0.121743 0.185185 0.154208 0.155155
0.633634 0.833333 0.000000 0.833333 0.000000 0.000000 0.166667 0.121743 0.185185 0.154208 0.155155
0.634635 0.835836 0.000000 0.835836 0.000000 0.000000 0.164164 0.121743 0.185185 0.154208 0.155155
0.635636 0.838338 0.000000 0.838338 0.000000 0.000000 0.161662 0.121743 0.185185 0.154208 0.155155
0.636637 0.840841 0.000000 0.840841 0.000000 0.000000 0.159159 0.121743 0.185185 0.154208 0.155155
0.637638 0.843343 0.000000 0.843343 0.000000 0.000000 0.156657 0.121743 0.185185 0.154208 0.155155
0.638639 0.845846 0.000000 0.845846 0.000000 0.000000 0.154154 0.121743 0.185185 0.154208 0.155155
0.639640 0.848348 0.000000 0.848348 0.000000 0.000000 0.151652 0.121743 0.185185 0.154208 0.155155
0.640641 0.850851 0.000000 0.850851 0.000000 0.000000 0.149149 0.121743 0.185185 0.154208 0.155155
0.641642 0.853353 0.000000 0.853353 0.000000 0.000000 0.146647 0.121743 0.185185 0.154208 0.155155
0.642643 0.855856 0.000000 0.855856 0.000000 0.000000 0.144144 0.121743 0.185185 0.154208 0.155155
0.643644 0.858358 0.000000 0.858358 0.000000 0.000000 0.141642 0.121743 0.185185 0.154208 0.155155
0.644645 0.860861 0.000000 0.860861 0.000000 0.000000 0.139139 0.121743 0.185185 0.154208 0.155155
0.645646 0.863363 0.000000 0.863363 0.000000 0.000000 0.136637 0.121743 0.185185 0.154208 0.155155
0.646647 0.865866 0.000000 0.865866 0.000000 0.000000 0.134134 0.121743 0.185185 0.154208 0.155155
0.647648 0.868368 0.000000 0.868368 0.000000 0.000000 0.131632 0.121743 0.185185 0.154208 0.155155
0.648649 0.870871 0.000000 0.870871 0.000000 0.000000 0.129129 0.121743 0.185185 0.154208 0.155155
0.649650 0.873373 0.000000 0.873373 0.000000 0.000000 0.126627 0.121743 0.185185 0.154208 0.155155
0.650651 0.875876 0.000000 0.875876 0.000000 0.000000 0.124124 0.121743 0.185185 0.154208 0.155155
0.651652 0.878378 0.000000 0.878378 0.000000 0.000000 0.121622 0.121743 0.185185 0.154208 0.155155
0.652653 0.880881 0.000000 0.880881 0.000000 0.000000 0.119119 0.121743 0.185185 0.154208 0.155155
0.653654 0.883383 0.000000 0.883383 0.000000 0.000000 0.116617 0.121743 0.185185 0.154208 0.155155
0.654655 0.885886 0.000000 0.885886 0.000000 0.000000 0.114114 0.121743 0.185185 0.154208 0.155155
0.655656 0.888388 0.000000 0.888388 0.000000 0.000000 0.111612 0.121743 0.185185 0.154208 0.155155
0.656657 0.890891 0.000000 0.890891 0.000000 0.000000 0.109109 0.121743 0.185185 0.154208 0.155155
0.657658 0.893393 0.000000 0.893393 0.000000 0.000000 0.106607 0.121743 0.185185 0.154208 0.155155
0.658659 0.895896 0.000000 0.895896 0.000000 0.000000 0.104104 0.121743 0.185185 0.154208 0.155155
0.659660 0.898398 0.000000 0.898398 0.000000 0.000000 0.101602 0.121743 0.185185 0.154208 0.155155
0.660661 0.900901 0.000000 0.900901 0.000000 0.000000 0.099099 0.121743 0.185185 0.154208 0.155155
0.661662 0.903403 0.000000 0.903403 0.000000 0.000000 0.096597 0.121743 0.185185 0.154208 0.155155
0.662663 0.905906 0.000000 0.905906 0.000000 0.000000 0.094094 0.121743 0.185185 0.154208 0.155155
0.663664 0.908408 0.000000 0.908408 0.000000 0.000000 0.091592 0.121743 0.185185 0.154208 0.155155
0.664665 0.910911 0.000000 0.910911 0.000000 0.000000 0.089089 0.121743 0.185185 0.154208 0.155155
0.665666 0.913413 0.000000 0.913413 0.000000 0.000000 0.086587 0.121743 0.185185 0.154208 0.155155
0.666667 0.915916 0.000000 0.915916 0.000000 0.000000 0.084084 0.121743 0.185185 0.154208 0.155155
0.667668 0.918418 0.000000 0.918418 0.000000 0.000000 0.081582 0.121743 0.185185 0.154208 0.155155
0.668669 0.920921 0.000000 0.920921 0.000000 0.000000 0.079079 0.121743 0.185185 0.154208 0.155155
0.669670 0.923423 0.000000 0.923423 0.000000 0.000000 0.076577 0.121743 0.185185 0.154208 0.155155
0.670671 0.925926 0.000000 0.925926 0.000000 0.000000 0.074074 0.121743 0.185185 0.154208 0.155155
0.671672 0.928428 0.000000 0.928428 0.000000 0.000000 0.071572 0.121743 0.185185 0.154208 0.155155
0.672673 0.930931 0.000000 0.930931 0.000000 0.000000 0.069069 0.121743 0.185185 0.154208 0.155155
0.673674 0.933433 0.000000 0.933433 0.000000 0.000000 0.066567 0.121743 0.185185 0.154208 0.155155
0.674675 0.935936 0.000000 0.935936 0.000000 0.000000 0.064064 0.121743 0.185185 0.154208 0.155155
0.675676 0.938438 0.000000 0.938438 0.000000 0.000000 0.061562 0.121743 0.185185 0.154208 0.155155
0.676677 0.940941 0.000000 0.940941 0.000000 0.000000 0.059059 0.121743 0.185185 0.154208 0.155155
0.677678 0.943443 0.000000 0.943443 0.000000 0.000000 0.056557 0.121743 0.185185 0.154208 0.155155
0.678679 0.945946 0.000000 0.945946 0.000000 0.000000 0.054054 0.121743 0.185185 0.154208 0.155155
0.679680 0.948448 0.000000 0.948448 0.000000 0.000000 0.051552 0.121743 0.185185 0.154208 0.155155
0.680681 0.950951 0.000000 0.950951 0.000000 0.000000 0.049049 0.121743 0.185185 0.154208 0.155155
0.681682 0.953453 0.000000 0.953453 0.000000 0.000000 0.046547 0.121743 0.185185 0.154208 0.155155
0.682683 0.955956 0.000000 0.955956 0.000000 0.000000 0.044044 0.121743 0.185185 0.154208 0.155155
0.683684 0.958458 0.000000 0.958458 0.000000 0.000000 0.041542 0.121743 0.185185 0.154208 0.155155
0.684685 0.960961 0.000000 0.960961 0.000000 0.000000 0.039039 0.121743 0.185185 0.154208 0.155155
0.685686 0.963463 0.000000 0.963463 0.000000 0.000000 0.036537 0.121743 0.185185 0.154208 0.155155
0.686687 0.965966 0.000000 0.965966 0.000000 0.000000 0.034034 0.121743 0.185185 0.154208 0.155155
0.687688 0.968468 0.000000 0.968468 0.000000 0.000000 0.031532 0.121743 0.185185 0.154208 0.155155
0.688689 0.970971 0.000000 0.970971 0.000000 0.000000 0.029029 0.121743 0.185185 0.154208 0.155155
0.689690 0.973473 0.000000 0.973473 0.000000 0.000000 0.026527 0.121743 0.185185 0.154208 0.155155
0.690691 0.975976 0.000000 0.975976 0.000000 0.000000 0.024024 0.121743 0.185185 0.154208 0.155155
0.691692 0.978478 0.000000 0.978478 0.000000 0.000000 0.021522 0.121743 0.185185 0.154208 0.155155
0.692693 0.980981 0.000000 0.980981 0.000000 0.000000 0.019019 0.121743 0.185185 0.154208 0.155155
0.693694 0.983483 0.000000 0.983483 0.000000 0.000000 0.016517 0.121743 0.185185 0.154208 0.155155
0.694695 0.985986 0.000000 0.985986 0.000000 0.000000 0.014014 0.121743 0.185185 0.154208 0.155155
0.695696 0.988488 0.000000 0.988488 0.000000 0.000000 0.011512 0.121743 0.185185 0.154208 0.155155
0.696697 0.990991 0.000000 0.990991 0.000000 0.000000 0.009009 0.121743 0.185185 0.154208 0.155155
0.697698 0.993493 0.000000 0.993493 0.000000 0.000000 0.006507 0.121743 0.185185 0.154208 0.155155
0.698699 0.995996 0.000000 0.995996 0.000000 0.000000 0.004004 0.121743 0.185185 0.154208 0.155155
0.699700 0.998498 0.000000 0.998498 0.000000 0.000000 0.001502 0.121743 0.185185 0.154208 0.155155
0.700701 1.000000 0.000000 1.000000 0.000000 0.000000 0.000000 0.121743 0.185185 0.154208 0.155155
0.701702 1.000000 0.000000 1.000000 0.000000 0.000000 0.000000 0.121743 0.185185 0.154208 0.155155
0.702703 1.000000 0.000000 1.000000 0.000000 0.000000 0.000000 0.121743 0.185185 0.154208 0.155155
0.703704 1.000000 0.000000 1.000000 0.000000 0.000000 0.000000 0.121743 0.185185 0.154208 0.155155
0.704705 1.000000 0.000000 1.000000 0.000000 0.000000 0.000000 0.121743 0.185185 0.154208 0.155155
0.705706 1.000000 0.000000 1.000000 0.000000 0.000000 0.000000 0.121743 0.185185 0.154208 0.155155
0.706707 1.000000 0.000000 1.000000 0.000000 0.000000 0.000000 0.121743 0.185185 0.154208 0.155155
0.707708 1.000000 0.000000 1.000000 0.000000 0.000000 0.000000 0.121743 0.185185 0.154208 0.155155
0.708709 1.000000 0.000000 1.000000 0.000000 0.000000 0.000000 0.121743 0.185185 0.154208 0.155155
0.709710 1.000000 0.000000 1.000000 0.000000 0.000000 0.000000 0.121743 0.185185 0.154208 0.155155
0.710711 1.000000 0.000000 1.000000 0.000000 0.000000 0.000000 0.121743 0.185185 0.154208 0.155155
0.711712 1.000000 0.000000 1.000000 0.000000 0.000000 0.000000 0.121743 0.185185 0.154208 0.155155
0.712713 1.000000 0.000000 1.000000 0.000000 0.000000 0.000000 0.121743 0.185185 0.154208 0.155155
0.713714 1.000000 0.000000 1.000000 0.000000 0.000000 0.000000 0.121743 0.185185 0.154208 0.155155
0.714715 1.000000 0.000000 1.000000 0.000000 0.000000 0.000000 0.121743 0.185185 0.154208 0.155155
0.715716 1.000000 0.000000 1.000000 0.000000 0.000000 0.000000 0.121743 0.185185 0.154208 0.155155
0.716717 1.000000 0.000000 1.000000 0.000000 0.000000 0.000000 0.121743 0.185185 0.154208 0.155155
0.717718 1.000000 0.000000 1.000000 0.000000 0.000000 0.000000 0.121743 0.185185 0.154208 0.155155
0.718719 1.000000 0.000000 1.000000 0.000000 0.000000 0.000000 0.121743 0.185185 0.154208 0.155155
0.719720 1.000000 0.000000 1.000000 0.000000 0.000000 0.000000 0.121743 0.185185 0.154208 0.155155
0.720721 1.000000 0.000000 1.000000 0.000000 0.000000 0.000000 0.121743 0.185185 0.154208 0.155155
0.721722 1.000000 0.000000 1.000000 0.000000 0.000000 0.000000 0.121743 0.185185 0.154208 0.155155
0.722723 1.000000 0.000000 1.000000 0.000000 0.000000 0.000000 0.121743 0.185185 0.154208 0.155155
0.723724 1.000000 0.000000 1.000000 0.000000 0.000000 0.000000 0.121743 0.185185 0.154208 0.155155
0.724725 1.000000 0.000000 1.000000 0.000000 0.000000 0.000000 0.121743 0.185185 0.154208 0.155155
0.725726 1.000000 0.000000 1.000000 0.000000 0.000000 0.000000 0.121743 0.185185 0.154208 0.155155
0.726727 1.000000 0.000000 1.000000 0.000000 0.000000 0.000000 0.121743 0.185185 0.154208 0.155155
0.727728 1.000000 0.000000 1.000000 0.000000 0.000000 0.000000 0.121743 0.185185 0.154208 0.155155
0.728729 1.000000 0.000000 1.000000 0.000000 0.000000 0.000000 0.121743 0.185185 0.154208 0.155155
0.729730 1.000000 0.000000 1.000000 0.000000 0.000000 0.000000 0.121743 0.185185 0.154208 0.155155
0.730731 1.000000 0.000000 1.000000 0.000000 0.000000 0.000000 0.121743 0.185185 0.154208 0.155155
0.731732 1.000000 0.000000 1.000000 0.000000 0.000000 0.000000 0.121743 0.185185 0.154208 0.155155
0.732733 1.000000 0.000000 1.000000 0.000000 0.000000 0.000000 0.121743 0.185185 0.154208 0.155155
0.733734 1.000000 0.000000 1.000000 0.000000 0.000000 0.000000 0.121743 0.185185 0.154208 0.155155
0.734735 1.000000 0.000000 1.000000 0.000000 0.000000 0.000000 0.121743 0.185185 0.154208 0.155155
0.735736 1.000000 0.000000 1.000000 0.000000 0.000000 0.000000 0.121743 0.185185 0.154208 0.155155
0.736737 1.000000 0.000000 1.000000 0.000000 0.000000 0.000000 0.121743 0.185185 0.154208 0.155155
0.737738 1.000000 0.000000 1.000000 0.000000 0.000000 0.000000 0.121743 0.185185 0.154208 0.155155
0.738739 1.000000 0.000000 1.000000 0.000000 0.000000 0.000000 0.121743 0.185185 0.154208 0.155155
0.739740 1.000000 0.000000 1.000000 0.000000 0.000000 0.000000 0.121743 0.185185 0.154208 0.155155
0.740741 1.000000 0.000000 1.000000 0.000000 0.000000 0.000000 0.121743 0.185185 0.154208 0.155155
0.741742 1.000000 0.000000 1.000000 0.000000 0.000000 0.000000 0.121743 0.185185 0.154208 0.155155
0.742743 1.000000 0.000000 1.000000 0.000000 0.000000 0.000000 0.121743 0.185185 0.154208 0.155155
0.743744 1.000000 0.000000 1.000000 0.000000 0.000000 0.000000 0.121743 0.185185 0.154208 0.155155
0.744745 1.000000 0.000000 1.000000 0.000000 0.000000 0.000000 0.121743 0.185185 0.154208 0.155155
0.745746 1.000000 0.000000 1.000000 0.000000 0.000000 0.000000 0.121743 0.185185 0.154208 0.155155
0.746747 1.000000 0.000000 1.000000 0.000000 0.000000 0.000000 0.121743 0.185185 0.154208 0.155155
0.747748 1.000000 0.000000 1.000000 0.000000 0.000000 0.000000 0.121743 0.185185 0.154208 0.155155
0.748749 1.000000 0.000000 1.000000 0.000000 0.000000 0.000000 0.121743 0.185185 0.154208 0.155155
0.749750 1.000000 0.000000 1.000000 0.000000 0.000000 0.000000 0.121743 0.185185 0.154208 0.155155
0.750751 1.000000 0.000000 1.000000 0.000000 0.000000 0.000000 0.121743 0.185185 0.154208 0.155155
0.751752 1.000000 0.000000 1.000000 0.000000 0.000000 0.000000 0.121743 0.185185 0.154208 0.155155
0.752753 1.000000 0.000000 1.000000 0.000000 0.000000 0.000000 0.121743 0.185185 0.154208 0.155155
0.753754 1.000000 0.000000 1.000000 0.000000 0.000000 0.000000 0.121743 0.185185 0.154208 0.155155
0.754755 1.000000 0.000000 1.000000 0.000000 0.000000 0.000000 0.121743 0.185185 0.154208 0.155155
0.755756 1.000000 0.000000 1.000000 0.000000 0.000000 0.000000 0.121743 0.185185 0.154208 0.155155
0.756757 1.000000 0.000000 1.000000 0.000000 0.000000 0.000000 0.121743 0.185185 0.154208 0.155155
0.757758 1.000000 0.000000 1.000000 0.000000 0.000000 0.000000 0.121743 0.185185 0.154208 0.155155
0.758759 1.000000 0.000000 1.000000 0.000000 0.000000 0.000000 0.121743 0.185185 0.154208 0.155155
0.759760 1.000000 0.000000 1.000000 0.000000 0.000000 0.000000 0.121743 0.185185 0.154208 0.155155
0.760761 1.000000 0.000000 1.000000 0.000000 0.000000 0.000000 0.121743 0.185185 0.154208 0.155155
0.761762 1.000000 0.000000 1.000000 0.000000 0.000000 0.000000 0.121743 0.185185 0.154208 0.155155
0.762763 1.000000 0.000000 1.000000 0.000000 0.000000 0.000000 0.121743 0.185185 0.154208 0.155155
0.763764 1.000000 0.000000 1.000000 0.000000 0.000000 0.000000 0.121743 0.185185 0.154208 0.155155
0.764765 1.000000 0.000000 1.000000 0.000000 0.000000 0.000000 0.121743 0.185185 0.154208 0.155155
0.765766 1.000000 0.000000 1.000000 0.000000 0.000000 0.000000 0.121743 0.185185 0.154208 0.155155
0.766767 1.000000 0.000000 1.000000 0.000000 0.000000 0.000000 0.121743 0.185185 0.154208 0.155155
0.767768 1.000000 0.000000 1.000000 0.000000 0.000000 0.000000 0.121743 0.185185 0.154208 0.155155
0.768769 1.000000 0.000000 1.000000 0.000000 0.000000 0.000000 0.121743 0.185185 0.154208 0.155155
0.769770 1.000000 0.000000 1.000000 0.000000 0.000000 0.000000 0.121743 0.185185 0.154208 0.155155
0.770771 1.000000 0.000000 1.000000 0.000000 0.000000 0.000000 0.121743 0.185185 0.154208 0.155155
0.771772 1.000000 0.000000 1.000000 0.000000 0.000000 0.000000 0.121743 0.185185 0.154208 0.155155
0.772773 1.000000 0.000000 1.000000 0.000000 0.000000 0.000000 0.121743 0.185185 0.154208 0.155155
0.773774 1.000000 0.000000 1.000000 0.000000 0.000000 0.000000 0.121743 0.185185 0.154208 0.155155
0.774775 1.000000 0.000000 1.000000 0.000000 0.000000 0.000000 0.121743 0.185185 0.154208 0.155155
0.775776 1.000000 0.000000 1.000000 0.000000 0.000000 0.000000 0.121743 0.185185 0.154208 0.155155
0.776777 1.000000 0.000000 1.000000 0.000000 0.000000 0.000000 0.121743 0.185185 0.154208 0.155155
0.777778 1.000000 0.000000 1.000000 0.000000 0.000000 0.000000 0.121743 0.185185 0.154208 0.155155
0.778779 1.000000 0.000000 1.000000 0.000000 0.000000 0.000000 0.121743 0.185185 0.154208 0.155155
0.779780 1.000000 0.000000 1.000000 0.000000 0.000000 0.000000 0.121743 0.185185 0.154208 0.155155
0.780781 1.000000 0.000000 1.000000 0.000000 0.000000 0.000000 0.121743 0.185185 0.154208 0.155155
0.781782 1.000000 0.000000 1.000000 0.000000 0.000000 0.000000 0.121743 0.185185 0.154208 0.155155
0.782783 1.000000 0.000000 1.000000 0.000000 0.000000 0.000000 0.121743 0.185185 0.154208 0.155155
0.783784 1.000000 0.000000 1.000000 0.000000 0.000000 0.000000 0.121743 0.185185 0.154208 0.155155
0.784785 1.000000 0.000000 1.000000 0.000000 0.000000 0.000000 0.121743 0.185185 0.154208 0.155155
0.785786 1.000000 0.000000 1.000000 0.000000 0.000000 0.000000 0.121743 0.185185 0.154208 0.155155
0.786787 1.000000 0.000000 1.000000 0.000000 0.000000 0.000000 0.121743 0.185185 0.154208 0.155155
0.787788 1.000000 0.000000 1.000000 0.000000 0.000000 0.000000 0.121743 0.185185 0.154208 0.155155
0.788789 1.000000 0.000000 1.000000 0.000000 0.000000 0.000000 0.121743 0.185185 0.154208 0.155155
0.789790 1.000000 0.000000 1.000000 0.000000 0.000000 0.000000 0.121743 0.185185 0.154208 0.155155
0.790791 1.000000 0.000000 1.000000 0.000000 0.000000 0.000000 0.121743 0.185185 0.154208 0.155155
0.791792 1.000000 0.000000 1.000000 0.000000 0.000000 0.000000 0.121743 0.185185 0.154208 0.155155
0.792793 1.000000 0.000000 1.000000 0.000000 0.000000 0.000000 0.121743 0.185185 0.154208 0.155155
0.793794 1.000000 0.000000 1.000000 0.000000 0.000000 0.000000 0.121743 0.185185 0.154208 0.155155
0.794795 1.000000 0.000000 1.000000 0.000000 0.000000 0.000000 0.121743 0.185185 0.154208 0.155155
0.795796 1.000000 0.000000 1.000000 0.000000 0.000000 0.000000 0.121743 0.185185 0.154208 0.155155
0.796797 1.000000 0.000000 1.000000 0.000000 0.000000 0.000000 0.121743 0.185185 0.154208 0.155155
0.797798 1.000000 0.000000 1.000000 0.000000 0.000000 0.000000 0.121743 0.185185 0.154208 0.155155
0.798799 1.000000 0.000000 1.000000 0.000000 0.000000 0.000000 0.121743 0.185185 0.154208 0.155155
0.799800 1.000000 0.000000 1.000000 0.000000 0.000000 0.000000 0.121743 0.185185 0.154208 0.155155
0.800801 1.000000 0.000000 1.000000 0.000000 0.000000 0.000000 0.121743 0.185185 0.154208 0.155155
0.801802 1.000000 0.000000 1.000000 0.000000 0.000000 0.000000 0.121743 0.185185 0.154208 0.155155
0.802803 1.000000 0.000000 1.000000 0.000000 0.000000 0.000000 0.121743 0.185185 0.154208 0.155155
0.803804 1.000000 0.000000 1.000000 0.000000 0.000000 0.000000 0.121743 0.185185 0.154208 0.155155
0.804805 1.000000 0.000000 1.000000 0.000000 0.000000 0.000000 0.121743 0.185185 0.154208 0.155155
0.805806 1.000000 0.000000 1.000000 0.000000 0.000000 0.000000 0.121743 0.185185 0.154208 0.155155
0.806807 1.000000 0.000000 1.000000 0.000000 0.000000 0.000000 0.121743 0.185185 0.154208 0.155155
0.807808 1.000000 0.000000 1.000000 0.000000 0.000000 0.000000 0.121743 0.185185 0.154208 0.155155
0.808809 1.000000 0.000000 1.000000 0.000000 0.000000 0.000000 0.121743 0.185185 0.154208 0.155155
0.809810 1.000000 0.000000 1.000000 0.000000 0.000000 0.000000 0.121743 0.185185 0.154208 0.155155
0.810811 1.000000 0.000000 1.000000 0.000000 0.000000 0.000000 0.121743 0.185185 0.154208 0.155155
0.811812 1.000000 0.000000 1.000000 0.000000 0.000000 0.000000 0.121743 0.185185 0.154208 0.155155
0.812813 1.000000 0.000000 1.000000 0.000000 0.000000 0.000000 0.121743 0.185185 0.154208 0.155155
0.813814 1.000000 0.000000 1.000000 0.000000 0.000000 0.000000 0.121743 0.185185 0.154208 0.155155
0.814815 1.000000 0.000000 1.000000 0.000000 0.000000 0.000000 0.121743 0.185185 0.154208 0.155155
0.815816 1.000000 0.000000 1.000000 0.000000 0.000000 0.000000 0.121743 0.185185 0.154208 0.155155
0.816817 1.000000 0.000000 1.000000 0.000000 0.000000 0.000000 0.121743 0.185185 0.154208 0.155155
0.817818 1.000000 0.000000 1.000000 0.000000 0.000000 0.000000 0.121743 0.185185 0.154208 0.155155
0.818819 1.000000 0.000000 1.000000 0.000000 0.000000 0.000000 0.121743 0.185185 0.154208 0.155155
0.819820 1.000000 0.000000 1.000000 0.000000 0.000000 0.000000 0.121743 0.185185 0.154208 0.155155
0.820821 1.000000 0.000000 1.000000 0.000000 0.000000 0.000000 0.121743 0.185185 0.154208 0.155155
0.821822 1.000000 0.000000 1.000000 0.000000 0.000000 0.000000 0.121743 0.185185 0.154208 0.155155
0.822823 1.000000 0.000000 1.000000 0.000000 0.000000 0.000000 0.121743 0.185185 0.154208 0.155155
0.823824 1.000000 0.000000 1.000000 0.000000 0.000000 0.000000 0.121743 0.185185 0.154208 0.155155
0.824825 1.000000 0.000000 1.000000 0.000000 0.000000 0.000000 0.121743 0.185185 0.154208 0.155155
0.825826 1.000000 0.000000 1.000000 0.000000 0.000000 0.000000 0.121743 0.185185 0.154208 0.155155
0.826827 1.000000 0.000000 1.000000 0.000000 0.000000 0.000000 0.121743 0.185185 0.154208 0.155155
0.827828 1.000000 0.000000 1.000000 0.000000 0.000000 0.000000 0.121743 0.185185 0.154208 0.155155
0.828829 1.000000 0.000000 1.000000 0.000000 0.000000 0.000000 0.121743 0.185185 0.154208 0.155155
0.829830 1.000000 0.000000 1.000000 0.000000 0.000000 0.000000 0.121743 0.185185 0.154208 0.155155
0.830831 1.000000 0.000000 1.000000 0.000000 0.000000 0.000000 0.121743 0.185185 0.154208 0.155155
0.831832 1.000000 0.000000 1.000000 0.000000 0.000000 0.000000 0.121743 0.185185 0.154208 0.155155
0.832833 1.000000 0.000000 1.000000 0.000000 0.000000 0.000000 0.121743 0.185185 0.154208 0.155155
0.833834 1.000000 0.000000 1.000000 0.000000 0.000000 0.000000 0.121743 0.185185 0.154208 0.155155
0.834835 1.000000 0.000000 1.000000 0.000000 0.000000 0.000000 0.121743 0.185185 0.154208 0.155155
0.835836 1.000000 0.000000 1.000000 0.000000 0.000000 0.000000 0.121743 0.185185 0.154208 0.155155
0.836837 1.000000 0.000000 1.000000 0.000000 0.000000 0.000000 0.121743 0.185185 0.154208 0.155155
0.837838 1.000000 0.000000 1.000000 0.000000 0.000000 0.000000 0.121743 0.185185 0.154208 0.155155
0.838839 1.000000 0.000000 1.000000 0.000000 0.000000 0.000000 0.121743 0.185185 0.154208 0.155155
0.839840 1.000000 0.000000 1.000000 0.000000 0.000000 0.000000 0.121743 0.185185 0.154208 0.155155
0.840841 1.000000 0.000000 1.000000 0.000000 0.000000 0.000000 0.121743 0.185185 0.154208 0.155155
0.841842 1.000000 0.000000 1.000000 0.000000 0.000000 0.000000 0.121743 0.185185 0.154208 0.155155
0.842843 1.000000 0.000000 1.000000 0.000000 0.000000 0.000000 0.121743 0.185185 0.154208 0.155155
0.843844 1.000000 0.000000 1.000000 0.000000 0.000000 0.000000 0.121743 0.185185 0.154208 0.155155
0.844845 1.000000 0.000000 1.000000 0.000000 0.000000 0.000000 0.121743 0.185185 0.154208 0.155155
0.845846 1.000000 0.000000 1.000000 0.000000 0.000000 0.000000 0.121743 0.185185 0.154208 0.155155
0.846847 1.000000 0.000000 1.000000 0.000000 0.000000 0.000000 0.121743 0.185185 0.154208 0.155155
0.847848 1.000000 0.000000 1.000000 0.000000 0.000000 0.000000 0.121743 0.185185 0.154208 0.155155
0.848849 1.000000 0.000000 1.000000 0.000000 0.000000 0.000000 0.121743 0.185185 0.154208 0.155155
0.849850 1.000000 0.000000 1.000000 0.000000 0.000000 0.000000 0.121743 0.185185 0.154208 0.155155
0.850851 1.000000 0.000000 1.000000 0.000000 0.000000 0.000000 0.121743 0.185185 0.154208 0.155155
0.851852 1.000000 0.000000 1.000000 0.000000 0.000000 0.000000 0.121743 0.185185 0.154208 0.155155
0.852853 1.000000 0.000000 1.000000 0.000000 0.000000 0.000000 0.121743 0.185185 0.154208 0.155155
0.853854 1.000000 0.000000 1.000000 0.000000 0.000000 0.000000 0.121743 0.185185 0.154208 0.155155
0.854855 1.000000 0.000000 1.000000 0.000000 0.000000 0.000000 0.121743 0.185185 0.154208 0.155155
0.855856 1.000000 0.000000 1.000000 0.000000 0.000000 0.000000 0.121743 0.185185 0.154208 0.155155
0.856857 1.000000 0.000000 1.000000 0.000000 0.000000 0.000000 0.121743 0.185185 0.154208 0.155155
0.857858 1.000000 0.000000 1.000000 0.000000 0.000000 0.000000 0.121743 0.185185 0.154208 0.155155
0.858859 1.000000 0.000000 1.000000 0.000000 0.000000 0.000000 0.121743 0.185185 0.154208 0.155155
0.859860 1.000000 0.000000 1.000000 0.000000 0.000000 0.000000 0.121743 0.185185 0.154208 0.155155
0.860861 1.000000 0.000000 1.000000 0.000000 0.000000 0.000000 0.121743 0.185185 0.154208 0.155155
0.861862 1.000000 0.000000 1.000000 0.000000 0.000000 0.000000 0.121743 0.185185 0.154208 0.155155
0.862863 1.000000 0.000000 1.000000 0.000000 0.000000 0.000000 0.121743 0.185185 0.154208 0.155155
0.863864 1.000000 0.000000 1.000000 0.000000 0.000000 0.000000 0.121743 0.185185 0.154208 0.155155
0.864865 1.000000 0.000000 1.000000 0.000000 0.000000 0.000000 0.121743 0.185185 0.154208 0.155155
0.865866 1.000000 0.000000 1.000000 0.000000 0.000000 0.000000 0.121743 0.185185 0.154208 0.155155
0.866867 1.000000 0.000000 1.000000 0.000000 0.000000 0.000000 0.121743 0.185185 0.154208 0.155155
0.867868 1.000000 0.000000 1.000000 0.000000 0.000000 0.000000 0.121743 0.185185 0.154208 0.155155
0.868869 1.000000 0.000000 1.000000 0.000000 0.000000 0.000000 0.121743 0.185185 0.154208 0.155155
0.869870 1.000000 0.000000 1.000000 0.000000 0.000000 0.000000 0.121743 0.185185 0.154208 0.155155
0.870871 1.000000 0.000000 1.000000 0.000000 0.000000 0.000000 0.121743 0.185185 0.154208 0.155155
0.871872 1.000000 0.000000 1.000000 0.000000 0.000000 0.000000 0.121743 0.185185 0.154208 0.155155
0.872873 1.000000 0.000000 1.000000 0.000000 0.000000 0.000000 0.121743 0.185185 0.154208 0.155155
0.873874 1.000000 0.000000 1.000000 0.000000 0.000000 0.000000 0.121743 0.185185 0.154208 0.155155
0.874875 1.000000 0.000000 1.000000 0.000000 0.000000 0.000000 0.121743 0.185185 0.154208 0.155155
0.875876 1.000000 0.000000 1.000000 0.000000 0.000000 0.000000 0.121743 0.185185 0.154208 0.155155
0.876877 1.000000 0.000000 1.000000 0.000000 0.000000 0.000000 0.121743 0.185185 0.154208 0.155155
0.877878 1.000000 0.000000 1.000000 0.000000 0.000000 0.000000 0.121743 0.185185 0.154208 0.155155
0.878879 1.000000 0.000000 1.000000 0.000000 0.000000 0.000000 0.121743 0.185185 0.154208 0.155155
0.879880 1.000000 0.000000 1.000000 0.000000 0.000000 0.000000 0.121743 0.185185 0.154208 0.155155
0.880881 1.000000 0.000000 1.000000 0.000000 0.000000 0.000000 0.121743 0.185185 0.154208 0.155155
0.881882 1.000000 0.000000 1.000000 0.000000 0.000000 0.000000 0.121743 0.185185 0.154208 0.155155
0.882883 1.000000 0.000000 1.000000 0.000000 0.000000 0.000000 0.121743 0.185185 0.154208 0.155155
0.883884 1.000000 0.000000 1.000000 0.000000 0.000000 0.000000 0.121743 0.185185 0.154208 0.155155
0.884885 1.000000 0.000000 1.000000 0.000000 0.000000 0.000000 0.121743 0.185185 0.154208 0.155155
0.885886 1.000000 0.000000 1.000000 0.000000 0.000000 0.000000 0.121743 0.185185 0.154208 0.155155
0.886887 1.000000 0.000000 1.000000 0.000000 0.000000 0.000000 0.121743 0.185185 0.154208 0.155155
0.887888 1.000000 0.000000 1.000000 0.000000 0.000000 0.000000 0.121743 0.185185 0.154208 0.155155
0.888889 1.000000 0.000000 1.000000 0.000000 0.000000 0.000000 0.121743 0.185185 0.154208 0.155155
0.889890 1.000000 0.000000 1.000000 0.000000 0.000000 0.000000 0.121743 0.185185 0.154208 0.155155
0.890891 1.000000 0.000000 1.000000 0.000000 0.000000 0.000000 0.121743 0.185185 0.154208 0.155155
0.891892 1.000000 0.000000 1.000000 0.000000 0.000000 0.000000 0.121743 0.185185 0.154208 0.155155
0.892893 1.000000 0.000000 1.000000 0.000000 0.000000 0.000000 0.121743 0.185185 0.154208 0.155155
0.893894 1.000000 0.000000 1.000000 0.000000 0.000000 0.000000 0.121743 0.185185 0.154208 0.155155
0.894895 1.000000 0.000000 1.000000 0.000000 0.000000 0.000000 0.121743 0.185185 0.154208 0.155155
0.895896 1.000000 0.000000 1.000000 0.000000 0.000000 0.000000 0.121743 0.185185 0.154208 0.155155
0.896897 1.000000 0.000000 1.000000 0.000000 0.000000 0.000000 0.121743 0.185185 0.154208 0.155155
0.897898 1.000000 0.000000 1.000000 0.000000 0.000000 0.000000 0.121743 0.185185 0.154208 0.155155
0.898899 1.000000 0.000000 1.000000 0.000000 0.000000 0.000000 0.121743 0.185185 0.154208 0.155155
0.899900 1.000000 0.000000 1.000000 0.000000 0.000000 0.000000 0.121743 0.185185 0.154208 0.155155
0.900901 1.000000 0.000000 1.000000 0.000000 0.000000 0.000000 0.121743 0.185185 0.154208 0.155155
0.901902 1.000000 0.000000 1.000000 0.000000 0.000000 0.000000 0.121743 0.185185 0.154208 0.155155
0.902903 1.000000 0.000000 1.000000 0.000000 0.000000 0.000000 0.121743 0.185185 0.154208 0.155155
0.903904 1.000000 0.000000 1.000000 0.000000 0.000000 0.000000 0.121743 0.185185 0.154208 0.155155
0.904905 1.000000 0.000000 1.000000 0.000000 0.000000 0.000000 0.121743 0.185185 0.154208 0.155155
0.905906 1.000000 0.000000 1.000000 0.000000 0.000000 0.000000 0.121743 0.185185 0.154208 0.155155
0.906907 1.000000 0.000000 1.000000 0.000000 0.000000 0.000000 0.121743 0.185185 0.154208 0.155155
0.907908 1.000000 0.000000 1.000000 0.000000 0.000000 0.000000 0.121743 0.185185 0.154208 0.155155
0.908909 1.000000 0.000000 1.000000 0.000000 0.000000 0.000000 0.121743 0.185185 0.154208 0.155155
0.909910 1.000000 0.000000 1.000000 0.000000 0.000000 0.000000 0.121743 0.185185 0.154208 0.155155
0.910911 1.000000 0.000000 1.000000 0.000000 0.000000 0.000000 0.121743 0.185185 0.154208 0.155155
0.911912 1.000000 0.000000 1.000000 0.000000 0.000000 0.000000 0.121743 0.185185 0.154208 0.155155
0.912913 1.000000 0.000000 1.000000 0.000000 0.000000 0.000000 0.121743 0.185185 0.154208 0.155155
0.913914 1.000000 0.000000 1.000000 0.000000 0.000000 0.000000 0.121743 0.185185 0.154208 0.155155
0.914915 1.000000 0.000000 1.000000 0.000000 0.000000 0.000000 0.121743 0.185185 0.154208 0.155155
0.915916 1.000000 0.000000 1.000000 0.000000 0.000000 0.000000 0.121743 0.185185 0.154208 0.155155
0.916917 1.000000 0.000000 1.000000 0.000000 0.000000 0.000000 0.121743 0.185185 0.154208 0.155155
0.917918 1.000000 0.000000 1.000000 0.000000 0.000000 0.000000 0.121743 0.185185 0.154208 0.155155
0.918919 1.000000 0.000000 1.000000 0.000000 0.000000 0.000000 0.121743 0.185185 0.154208 0.155155
0.919920 1.000000 0.000000 1.000000 0.000000 0.000000 0.000000 0.121743 0.185185 0.154208 0.155155
0.920921 1.000000 0.000000 1.000000 0.000000 0.000000 0.000000 0.121743 0.185185 0.154208 0.155155
0.921922 1.000000 0.000000 1.000000 0.000000 0.000000 0.000000 0.121743 0.185185 0.154208 0.155155
0.922923 1.000000 0.000000 1.000000 0.000000 0.000000 0.000000 0.121743 0.185185 0.154208 0.155155
0.923924 1.000000 0.000000 1.000000 0.000000 0.000000 0.000000 0.121743 0.185185 0.154208 0.155155
0.924925 1.000000 0.000000 1.000000 0.000000 0.000000 0.000000 0.121743 0.185185 0.154208 0.155155
0.925926 1.000000 0.000000 1.000000 0.000000 0.000000 0.000000 0.121743 0.185185 0.154208 0.155155
0.926927 1.000000 0.000000 1.000000 0.000000 0.000000 0.000000 0.121743 0.185185 0.154208 0.155155
0.927928 1.000000 0.000000 1.000000 0.000000 0.000000 0.000000 0.121743 0.185185 0.154208 0.155155
0.928929 1.000000 0.000000 1.000000 0.000000 0.000000 0.000000 0.121743 0.185185 0.154208 0.155155
0.929930 1.000000 0.000000 1.000000 0.000000 0.000000 0.000000 0.121743 0.185185 0.154208 0.155155
0.930931 1.000000 0.000000 1.000000 0.000000 0.000000 0.000000 0.121743 0.185185 0.154208 0.155155
0.931932 1.000000 0.000000 1.000000 0.000000 0.000000 0.000000 0.121743 0.185185 0.154208 0.155155
0.932933 1.000000 0.000000 1.000000 0.000000 0.000000 0.000000 0.121743 0.185185 0.154208 0.155155
0.933934 1.000000 0.000000 1.000000 0.000000 0.000000 0.000000 0.121743 0.185185 0.154208 0.155155
0.934935 1.000000 0.000000 1.000000 0.000000 0.000000 0.000000 0.121743 0.185185 0.154208 0.155155
0.935936 1.000000 0.000000 1.000000 0.000000 0.000000 0.000000 0.121743 0.185185 0.154208 0.155155
0.936937 1.000000 0.000000 1.000000 0.000000 0.000000 0.000000 0.121743 0.185185 0.154208 0.155155
0.937938 1.000000 0.000000 1.000000 0.000000 0.000000 0.000000 0.121743 0.185185 0.154208 0.155155
0.938939 1.000000 0.000000 1.000000 0.000000 0.000000 0.000000 0.121743 0.185185 0.154208 0.155155
0.939940 1.000000 0.000000 1.000000 0.000000 0.000000 0.000000 0.121743 0.185185 0.154208 0.155155
0.940941 1.000000 0.000000 1.000000 0.000000 0.000000 0.000000 0.121743 0.185185 0.154208 0.155155
0.941942 1.000000 0.000000 1.000000 0.000000 0.000000 0.000000 0.121743 0.185185 0.154208 0.155155
0.942943 1.000000 0.000000 1.000000 0.000000 0.000000 0.000000 0.121743 0.185185 0.154208 0.155155
0.943944 1.000000 0.000000 1.000000 0.000000 0.000000 0.000000 0.121743 0.185185 0.154208 0.155155
0.944945 1.000000 0.000000 1.000000 0.000000 0.000000 0.000000 0.121743 0.185185 0.154208 0.155155
0.945946 1.000000 0.000000 1.000000 0.000000 0.000000 0.000000 0.121743 0.185185 0.154208 0.155155
0.946947 1.000000 0.000000 1.000000 0.000000 0.000000 0.000000 0.121743 0.185185 0.154208 0.155155
0.947948 1.000000 0.000000 1.000000 0.000000 0.000000 0.000000 0.121743 0.185185 0.154208 0.155155
0.948949 1.000000 0.000000 1.000000 0.000000 0.000000 0.000000 0.121743 0.185185 0.154208 0.155155
0.949950 1.000000 0.000000 1.000000 0.000000 0.000000 0.000000 0.121743 0.185185 0.154208 0.155155
0.950951 1.000000 0.000000 1.000000 0.000000 0.000000 0.000000 0.121743 0.185185 0.154208 0.155155
0.951952 1.000000 0.000000 1.000000 0.000000 0.000000 0.000000 0.121743 0.185185 0.154208 0.155155
0.952953 1.000000 0.000000 1.000000 0.000000 0.000000 0.000000 0.121743 0.185185 0.154208 0.155155
0.953954 1.000000 0.000000 1.000000 0.000000 0.000000 0.000000 0.121743 0.185185 0.154208 0.155155
0.954955 1.000000 0.000000 1.000000 0.000000 0.000000 0.000000 0.121743 0.185185 0.154208 0.155155
0.955956 1.000000 0.000000 1.000000 0.000000 0.000000 0.000000 0.121743 0.185185 0.154208 0.155155
0.956957 1.000000 0.000000 1.000000 0.000000 0.000000 0.000000 0.121743 0.185185 0.154208 0.155155
0.957958 1.000000 0.000000 1.000000 0.000000 0.000000 0.000000 0.121743 0.185185 0.154208 0.155155
0.958959 1.000000 0.000000 1.000000 0.000000 0.000000 0.000000 0.121743 0.185185 0.154208 0.155155
0.959960 1.000000 0.000000 1.000000 0.000000 0.000000 0.000000 0.121743 0.185185 0.154208 0.155155
0.960961 1.000000 0.000000 1.000000 0.000000 0.000000 0.000000 0.121743 0.185185 0.154208 0.155155
0.961962 1.000000 0.000000 1.000000 0.000000 0.000000 0.000000 0.121743 0.185185 0.154208 0.155155
0.962963 1.000000 0.000000 1.000000 0.000000 0.000000 0.000000 0.121743 0.185185 0.154208 0.155155
0.963964 1.000000 0.000000 1.000000 0.000000 0.000000 0.000000 0.121743 0.185185 0.154208 0.155155
0.964965 1.000000 0.000000 1.000000 0.000000 0.000000 0.000000 0.121743 0.185185 0.154208 0.155155
0.965966 1.000000 0.000000 1.000000 0.000000 0.000000 0.000000 0.121743 0.185185 0.154208 0.155155
0.966967 1.000000 0.000000 1.000000 0.000000 0.000000 0.000000 0.121743 0.185185 0.154208 0.155155
0.967968 1.000000 0.000000 1.000000 0.000000 0.000000 0.000000 0.121743 0.185185 0.154208 0.155155
0.968969 1.000000 0.000000 1.000000 0.000000 0.000000 0.000000 0.121743 0.185185 0.154208 0.155155
0.969970 1.000000 0.000000 1.000000 0.000000 0.000000 0.000000 0.121743 0.185185 0.154208 0.155155
0.970971 1.000000 0.000000 1.000000 0.000000 0.000000 0.000000 0.121743 0.185185 0.154208 0.155155
0.971972 1.000000 0.000000 1.000000 0.000000 0.000000 0.000000 0.121743 0.185185 0.154208 0.155155
0.972973 1.000000 0.000000 1.000000 0.000000 0.000000 0.000000 0.121743 0.185185 0.154208 0.155155
0.973974 1.000000 0.000000 1.000000 0.000000 0.000000 0.000000 0.121743 0.185185 0.154208 0.155155
0.974975 1.000000 0.000000 1.000000 0.000000 0.000000 0.000000 0.121743 0.185185 0.154208 0.155155
0.975976 1.000000 0.000000 1.000000 0.000000 0.000000 0.000000 0.121743 0.185185 0.154208 0.155155
0.976977 1.000000 0.000000 1.000000 0.000000 0.000000 0.000000 0.121743 0.185185 0.154208 0.155155
0.977978 1.000000 0.000000 1.000000 0.000000 0.000000 0.000000 0.121743 0.185185 0.154208 0.155155
0.978979 1.000000 0.000000 1.000000 0.000000 0.000000 0.000000 0.121743 0.185185 0.154208 0.155155
0.979980 1.000000 0.000000 1.000000 0.000000 0.000000 0.000000 0.121743 0.185185 0.154208 0.155155
0.980981 1.000000 0.000000 1.000000 0.000000 0.000000 0.000000 0.121743 0.185185 0.154208 0.155155
0.981982 1.000000 0.000000 1.000000 0.000000 0.000000 0.000000 0.121743 0.185185 0.154208 0.155155
0.982983 1.000000 0.000000 1.000000 0.000000 0.000000 0.000000 0.121743 0.185185 0.154208 0.155155
0.983984 1.000000 0.000000 1.000000 0.000000 0.000000 0.000000 0.121743 0.185185 0.154208 0.155155
0.984985 1.000000 0.000000 1.000000 0.000000 0.000000 0.000000 0.121743 0.185185 0.154208 0.155155
0.985986 1.000000 0.000000 1.000000 0.000000 0.000000 0.000000 0.121743 0.185185 0.154208 0.155155
0.986987 1.000000 0.000000 1.000000 0.000000 0.000000 0.000000 0.121743 0.185185 0.154208 0.155155
0.987988 1.000000 0.000000 1.000000 0.000000 0.000000 0.000000 0.121743 0.185185 0.154208 0.155155
0.988989 1.000000 0.000000 1.000000 0.000000 0.000000 0.000000 0.121743 0.185185 0.154208 0.155155
0.989990 1.000000 0.000000 1.000000 0.000000 0.000000 0.000000 0.121743 0.185185 0.154208 0.155155
0.990991 1.000000 0.000000 1.000000 0.000000 0.000000 0.000000 0.121743 0.185185 0.154208 0.155155
0.991992 1.000000 0.000000 1.000000 0.000000 0.000000 0.000000 0.121743 0.185185 0.154208 0.155155
0.992993 1.000000 0.000000 1.000000 0.000000 0.000000 0.000000 0.121743 0.185185 0.154208 0.155155
0.993994 1.000000 0.000000 1.000000 0.000000 0.000000 0.000000 0.121743 0.185185 0.154208 0.155155
0.994995 1.000000 0.000000 1.000000 0.000000 0.000000 0.000000 0.121743 0.185185 0.154208 0.155155
0.995996 1.000000 0.000000 1.000000 0.000000 0.000000 0.000000 0.121743 0.185185 0.154208 0.155155
0.996997 1.000000 0.000000 1.000000 0.000000 0.000000 0.000000 0.121743 0.185185 0.154208 0.155155
0.997998 1.000000 0.000000 1.000000 0.000000 0.000000 0.000000 0.121743 0.185185 0.154208 0.155155
0.998999 1.000000 0.000000 1.000000 0.000000 0.000000 0.000000 0.121743 0.185185 0.154208 0.155155
1.000000 1.000000 0.000000 1.000000 0.000000 0.000000 0.000000 0.121743 0.185185 0.154208 0.155155
