s PU PA_sym PA_asym
0.000000 0.000000 0.000000 0.000000
0.001001 0.000000 0.000000 0.000000
0.002002 0.000000 0.000000 0.000000
0.003003 0.000000 0.000000 0.000000
0.004004 0.000000 0.000000 0.000000
0.005005 0.000000 0.000000 0.000000
0.006006 0.000000 0.000000 0.000000
0.007007 0.000000 0.000000 0.000000
0.008008 0.000000 0.000000 0.000000
0.009009 0.000000 0.000000 0.000000
0.010010 0.000000 0.000000 0.000000
0.011011 0.000000 0.000000 0.000000
0.012012 0.000000 0.000000 0.000000
0.013013 0.000000 0.000000 0.000000
0.014014 0.000000 0.000000 0.000000
0.015015 0.000000 0.000000 0.000000
0.016016 0.000000 0.000000 0.000000
0.017017 0.000000 0.000000 0.000000
0.018018 0.000000 0.000000 0.000000
0.019019 0.000000 0.000000 0.000000
0.020020 0.000000 0.000000 0.000000
0.021021 0.000000 0.000000 0.000000
0.022022 0.000000 0.000000 0.000000
0.023023 0.000000 0.000000 0.000000
0.024024 0.000000 0.000000 0.000000
0.025025 0.000000 0.000000 0.000000
0.026026 0.000000 0.000000 0.000000
0.027027 0.000000 0.000000 0.000000
0.028028 0.000000 0.000000 0.000000
0.029029 0.000000 0.000000 0.000000
0.030030 0.000000 0.000000 0.000000
0.031031 0.000000 0.000000 0.000000
0.032032 0.000000 0.000000 0.000000
0.033033 0.000000 0.000000 0.000000
0.034034 0.000000 0.000000 0.000000
0.035035 0.000000 0.000000 0.000000
0.036036 0.000000 0.000000 0.000000
0.037037 0.000000 0.000000 0.000000
0.038038 0.000000 0.000000 0.000000
0.039039 0.000000 0.000000 0.000000
0.040040 0.000000 0.000000 0.000000
0.041041 0.000000 0.000000 0.000000
0.042042 0.000000 0.000000 0.000000
0.043043 0.000000 0.000000 0.000000
0.044044 0.000000 0.000000 0.000000
0.045045 0.000000 0.000000 0.000000
0.046046 0.000000 0.000000 0.000000
0.047047 0.000000 0.000000 0.000000
0.048048 0.000000 0.000000 0.000000
0.049049 0.000000 0.000000 0.000000
0.050050 0.000000 0.000000 3.333333
0.051051 0.000000 0.000000 3.333333
0.052052 0.000000 0.000000 3.333333
0.053053 0.000000 0.000000 3.333333
0.054054 0.000000 0.000000 3.333333
0.055055 0.000000 0.000000 3.333333
0.056056 0.000000 0.000000 3.333333
0.057057 0.000000 0.000000 3.333333
0.058058 0.000000 0.000000 3.333333
0.059059 0.000000 0.000000 3.333333
0.060060 0.000000 0.000000 3.333333
0.061061 0.000000 0.000000 3.333333
0.062062 0.000000 0.000000 3.333333
0.063063 0.000000 0.000000 3.333333
0.064064 0.000000 0.000000 3.333333
0.065065 0.000000 0.000000 3.333333
0.066066 0.000000 0.000000 3.333333
0.067067 0.000000 0.000000 3.333333
0.068068 0.000000 0.000000 3.333333
0.069069 0.000000 0.000000 3.333333
0.070070 0.000000 0.000000 3.333333
0.071071 0.000000 0.000000 3.333333
0.072072 0.000000 0.000000 3.333333
0.073073 0.000000 0.000000 3.333333
0.074074 0.000000 0.000000 3.333333
0.075075 0.000000 0.000000 3.333333
0.076076 0.000000 0.000000 3.333333
0.077077 0.000000 0.000000 3.333333
0.078078 0.000000 0.000000 3.333333
0.079079 0.000000 0.000000 3.333333
0.080080 0.000000 0.000000 3.333333
0.081081 0.000000 0.000000 3.333333
0.082082 0.000000 0.000000 3.333333
0.083083 0.000000 0.000000 3.333333
0.084084 0.000000 0.000000 3.333333
0.085085 0.000000 0.000000 3.333333
0.086086 0.000000 0.000000 3.333333
0.087087 0.000000 0.000000 3.333333
0.088088 0.000000 0.000000 3.333333
0.089089 0.000000 0.000000 3.333333
0.090090 0.000000 0.000000 3.333333
0.091091 0.000000 0.000000 3.333333
0.092092 0.000000 0.000000 3.333333
0.093093 0.000000 0.000000 3.333333
0.094094 0.000000 0.000000 3.333333
0.095095 0.000000 0.000000 3.333333
0.096096 0.000000 0.000000 3.333333
0.097097 0.000000 0.000000 3.333333
0.098098 0.000000 0.000000 3.333333
0.099099 0.000000 0.000000 3.333333
0.100100 0.000000 2.500000 3.333333
0.101101 0.000000 2.500000 3.333333
0.102102 0.000000 2.500000 3.333333
0.103103 0.000000 2.500000 3.333333
0.104104 0.000000 2.500000 3.333333
0.105105 0.000000 2.500000 3.333333
0.106106 0.000000 2.500000 3.333333
0.107107 0.000000 2.500000 3.333333
0.108108 0.000000 2.500000 3.333333
0.109109 0.000000 2.500000 3.333333
0.110110 0.000000 2.500000 3.333333
0.111111 0.000000 2.500000 3.333333
0.112112 0.000000 2.500000 3.333333
0.113113 0.000000 2.500000 3.333333
0.114114 0.000000 2.500000 3.333333
0.115115 0.000000 2.500000 3.333333
0.116116 0.000000 2.500000 3.333333
0.117117 0.000000 2.500000 3.333333
0.118118 0.000000 2.500000 3.333333
0.119119 0.000000 2.500000 3.333333
0.120120 0.000000 2.500000 3.333333
0.121121 0.000000 2.500000 3.333333
0.122122 0.000000 2.500000 3.333333
0.123123 0.000000 2.500000 3.333333
0.124124 0.000000 2.500000 3.333333
0.125125 0.000000 2.500000 3.333333
0.126126 0.000000 2.500000 3.333333
0.127127 0.000000 2.500000 3.333333
0.128128 0.000000 2.500000 3.333333
0.129129 0.000000 2.500000 3.333333
0.130130 0.000000 2.500000 3.333333
0.131131 0.000000 2.500000 3.333333
0.132132 0.000000 2.500000 3.333333
0.133133 0.000000 2.500000 3.333333
0.134134 0.000000 2.500000 3.333333
0.135135 0.000000 2.500000 3.333333
0.136136 0.000000 2.500000 3.333333
0.137137 0.000000 2.500000 3.333333
0.138138 0.000000 2.500000 3.333333
0.139139 0.000000 2.500000 3.333333
0.140140 0.000000 2.500000 3.333333
0.141141 0.000000 2.500000 3.333333
0.142142 0.000000 2.500000 3.333333
0.143143 0.000000 2.500000 3.333333
0.144144 0.000000 2.500000 3.333333
0.145145 0.000000 2.500000 3.333333
0.146146 0.000000 2.500000 3.333333
0.147147 0.000000 2.500000 3.333333
0.148148 0.000000 2.500000 3.333333
0.149149 0.000000 2.500000 3.333333
0.150150 0.000000 2.500000 3.333333
0.151151 0.000000 2.500000 3.333333
0.152152 0.000000 2.500000 3.333333
0.153153 0.000000 2.500000 3.333333
0.154154 0.000000 2.500000 3.333333
0.155155 0.000000 2.500000 3.333333
0.156156 0.000000 2.500000 3.333333
0.157157 0.000000 2.500000 3.333333
0.158158 0.000000 2.500000 3.333333
0.159159 0.000000 2.500000 3.333333
0.160160 0.000000 2.500000 3.333333
0.161161 0.000000 2.500000 3.333333
0.162162 0.000000 2.500000 3.333333
0.163163 0.000000 2.500000 3.333333
0.164164 0.000000 2.500000 3.333333
0.165165 0.000000 2.500000 3.333333
0.166166 0.000000 2.500000 3.333333
0.167167 0.000000 2.500000 3.333333
0.168168 0.000000 2.500000 3.333333
0.169169 0.000000 2.500000 3.333333
0.170170 0.000000 2.500000 3.333333
0.171171 0.000000 2.500000 3.333333
0.172172 0.000000 2.500000 3.333333
0.173173 0.000000 2.500000 3.333333
0.174174 0.000000 2.500000 3.333333
0.175175 0.000000 2.500000 3.333333
0.176176 0.000000 2.500000 3.333333
0.177177 0.000000 2.500000 3.333333
0.178178 0.000000 2.500000 3.333333
0.179179 0.000000 2.500000 3.333333
0.180180 0.000000 2.500000 3.333333
0.181181 0.000000 2.500000 3.333333
0.182182 0.000000 2.500000 3.333333
0.183183 0.000000 2.500000 3.333333
0.184184 0.000000 2.500000 3.333333
0.185185 0.000000 2.500000 3.333333
0.186186 0.000000 2.500000 3.333333
0.187187 0.000000 2.500000 3.333333
0.188188 0.000000 2.500000 3.333333
0.189189 0.000000 2.500000 3.333333
0.190190 0.000000 2.500000 3.333333
0.191191 0.000000 2.500000 3.333333
0.192192 0.000000 2.500000 3.333333
0.193193 0.000000 2.500000 3.333333
0.194194 0.000000 2.500000 3.333333
0.195195 0.000000 2.500000 3.333333
0.196196 0.000000 2.500000 3.333333
0.197197 0.000000 2.500000 3.333333
0.198198 0.000000 2.500000 3.333333
0.199199 0.000000 2.500000 3.333333
0.200200 0.000000 2.500000 3.333333
0.201201 0.000000 2.500000 3.333333
0.202202 0.000000 2.500000 3.333333
0.203203 0.000000 2.500000 3.333333
0.204204 0.000000 2.500000 3.333333
0.205205 0.000000 2.500000 3.333333
0.206206 0.000000 2.500000 3.333333
0.207207 0.000000 2.500000 3.333333
0.208208 0.000000 2.500000 3.333333
0.209209 0.000000 2.500000 3.333333
0.210210 0.000000 2.500000 3.333333
0.211211 0.000000 2.500000 3.333333
0.212212 0.000000 2.500000 3.333333
0.213213 0.000000 2.500000 3.333333
0.214214 0.000000 2.500000 3.333333
0.215215 0.000000 2.500000 3.333333
0.216216 0.000000 2.500000 3.333333
0.217217 0.000000 2.500000 3.333333
0.218218 0.000000 2.500000 3.333333
0.219219 0.000000 2.500000 3.333333
0.220220 0.000000 2.500000 3.333333
0.221221 0.000000 2.500000 3.333333
0.222222 0.000000 2.500000 3.333333
0.223223 0.000000 2.500000 3.333333
0.224224 0.000000 2.500000 3.333333
0.225225 0.000000 2.500000 3.333333
0.226226 0.000000 2.500000 3.333333
0.227227 0.000000 2.500000 3.333333
0.228228 0.000000 2.500000 3.333333
0.229229 0.000000 2.500000 3.333333
0.230230 0.000000 2.500000 3.333333
0.231231 0.000000 2.500000 3.333333
0.232232 0.000000 2.500000 3.333333
0.233233 0.000000 2.500000 3.333333
0.234234 0.000000 2.500000 3.333333
0.235235 0.000000 2.500000 3.333333
0.236236 0.000000 2.500000 3.333333
0.237237 0.000000 2.500000 3.333333
0.238238 0.000000 2.500000 3.333333
0.239239 0.000000 2.500000 3.333333
0.240240 0.000000 2.500000 3.333333
0.241241 0.000000 2.500000 3.333333
0.242242 0.000000 2.500000 3.333333
0.243243 0.000000 2.500000 3.333333
0.244244 0.000000 2.500000 3.333333
0.245245 0.000000 2.500000 3.333333
0.246246 0.000000 2.500000 3.333333
0.247247 0.000000 2.500000 3.333333
0.248248 0.000000 2.500000 3.333333
0.249249 0.000000 2.500000 3.333333
0.250250 0.000000 2.500000 3.333333
0.251251 0.000000 2.500000 3.333333
0.252252 0.000000 2.500000 3.333333
0.253253 0.000000 2.500000 3.333333
0.254254 0.000000 2.500000 3.333333
0.255255 0.000000 2.500000 3.333333
0.256256 0.000000 2.500000 3.333333
0.257257 0.000000 2.500000 3.333333
0.258258 0.000000 2.500000 3.333333
0.259259 0.000000 2.500000 3.333333
0.260260 0.000000 2.500000 3.333333
0.261261 0.000000 2.500000 3.333333
0.262262 0.000000 2.500000 3.333333
0.263263 0.000000 2.500000 3.333333
0.264264 0.000000 2.500000 3.333333
0.265265 0.000000 2.500000 3.333333
0.266266 0.000000 2.500000 3.333333
0.267267 0.000000 2.500000 3.333333
0.268268 0.000000 2.500000 3.333333
0.269269 0.000000 2.500000 3.333333
0.270270 0.000000 2.500000 3.333333
0.271271 0.000000 2.500000 3.333333
0.272272 0.000000 2.500000 3.333333
0.273273 0.000000 2.500000 3.333333
0.274274 0.000000 2.500000 3.333333
0.275275 0.000000 2.500000 3.333333
0.276276 0.000000 2.500000 3.333333
0.277277 0.000000 2.500000 3.333333
0.278278 0.000000 2.500000 3.333333
0.279279 0.000000 2.500000 3.333333
0.280280 0.000000 2.500000 3.333333
0.281281 0.000000 2.500000 3.333333
0.282282 0.000000 2.500000 3.333333
0.283283 0.000000 2.500000 3.333333
0.284284 0.000000 2.500000 3.333333
0.285285 0.000000 2.500000 3.333333
0.286286 0.000000 2.500000 3.333333
0.287287 0.000000 2.500000 3.333333
0.288288 0.000000 2.500000 3.333333
0.289289 0.000000 2.500000 3.333333
0.290290 0.000000 2.500000 3.333333
0.291291 0.000000 2.500000 3.333333
0.292292 0.000000 2.500000 3.333333
0.293293 0.000000 2.500000 3.333333
0.294294 0.000000 2.500000 3.333333
0.295295 0.000000 2.500000 3.333333
0.296296 0.000000 2.500000 3.333333
0.297297 0.000000 2.500000 3.333333
0.298298 0.000000 2.500000 3.333333
0.299299 0.000000 2.500000 3.333333
0.300300 2.500000 2.500000 3.333333
0.301301 2.500000 2.500000 3.333333
0.302302 2.500000 2.500000 3.333333
0.303303 2.500000 2.500000 3.333333
0.304304 2.500000 2.500000 3.333333
0.305305 2.500000 2.500000 3.333333
0.306306 2.500000 2.500000 3.333333
0.307307 2.500000 2.500000 3.333333
0.308308 2.500000 2.500000 3.333333
0.309309 2.500000 2.500000 3.333333
0.310310 2.500000 2.500000 3.333333
0.311311 2.500000 2.500000 3.333333
0.312312 2.500000 2.500000 3.333333
0.313313 2.500000 2.500000 3.333333
0.314314 2.500000 2.500000 3.333333
0.315315 2.500000 2.500000 3.333333
0.316316 2.500000 2.500000 3.333333
0.317317 2.500000 2.500000 3.333333
0.318318 2.500000 2.500000 3.333333
0.319319 2.500000 2.500000 3.333333
0.320320 2.500000 2.500000 3.333333
0.321321 2.500000 2.500000 3.333333
0.322322 2.500000 2.500000 3.333333
0.323323 2.500000 2.500000 3.333333
0.324324 2.500000 2.500000 3.333333
0.325325 2.500000 2.500000 3.333333
0.326326 2.500000 2.500000 3.333333
0.327327 2.500000 2.500000 3.333333
0.328328 2.500000 2.500000 3.333333
0.329329 2.500000 2.500000 3.333333
0.330330 2.500000 2.500000 3.333333
0.331331 2.500000 2.500000 3.333333
0.332332 2.500000 2.500000 3.333333
0.333333 2.500000 2.500000 3.333333
0.334334 2.500000 2.500000 3.333333
0.335335 2.500000 2.500000 3.333333
0.336336 2.500000 2.500000 3.333333
0.337337 2.500000 2.500000 3.333333
0.338338 2.500000 2.500000 3.333333
0.339339 2.500000 2.500000 3.333333
0.340340 2.500000 2.500000 3.333333
0.341341 2.500000 2.500000 3.333333
0.342342 2.500000 2.500000 3.333333
0.343343 2.500000 2.500000 3.333333
0.344344 2.500000 2.500000 3.333333
0.345345 2.500000 2.500000 3.333333
0.346346 2.500000 2.500000 3.333333
0.347347 2.500000 2.500000 3.333333
0.348348 2.500000 2.500000 3.333333
0.349349 2.500000 2.500000 3.333333
0.350350 2.500000 2.500000 0.000000
0.351351 2.500000 2.500000 0.000000
0.352352 2.500000 2.500000 0.000000
0.353353 2.500000 2.500000 0.000000
0.354354 2.500000 2.500000 0.000000
0.355355 2.500000 2.500000 0.000000
0.356356 2.500000 2.500000 0.000000
0.357357 2.500000 2.500000 0.000000
0.358358 2.500000 2.500000 0.000000
0.359359 2.500000 2.500000 0.000000
0.360360 2.500000 2.500000 0.000000
0.361361 2.500000 2.500000 0.000000
0.362362 2.500000 2.500000 0.000000
0.363363 2.500000 2.500000 0.000000
0.364364 2.500000 2.500000 0.000000
0.365365 2.500000 2.500000 0.000000
0.366366 2.500000 2.500000 0.000000
0.367367 2.500000 2.500000 0.000000
0.368368 2.500000 2.500000 0.000000
0.369369 2.500000 2.500000 0.000000
0.370370 2.500000 2.500000 0.000000
0.371371 2.500000 2.500000 0.000000
0.372372 2.500000 2.500000 0.000000
0.373373 2.500000 2.500000 0.000000
0.374374 2.500000 2.500000 0.000000
0.375375 2.500000 2.500000 0.000000
0.376376 2.500000 2.500000 0.000000
0.377377 2.500000 2.500000 0.000000
0.378378 2.500000 2.500000 0.000000
0.379379 2.500000 2.500000 0.000000
0.380380 2.500000 2.500000 0.000000
0.381381 2.500000 2.500000 0.000000
0.382382 2.500000 2.500000 0.000000
0.383383 2.500000 2.500000 0.000000
0.384384 2.500000 2.500000 0.000000
0.385385 2.500000 2.500000 0.000000
0.386386 2.500000 2.500000 0.000000
0.387387 2.500000 2.500000 0.000000
0.388388 2.500000 2.500000 0.000000
0.389389 2.500000 2.500000 0.000000
0.390390 2.500000 2.500000 0.000000
0.391391 2.500000 2.500000 0.000000
0.392392 2.500000 2.500000 0.000000
0.393393 2.500000 2.500000 0.000000
0.394394 2.500000 2.500000 0.000000
0.395395 2.500000 2.500000 0.000000
0.396396 2.500000 2.500000 0.000000
0.397397 2.500000 2.500000 0.000000
0.398398 2.500000 2.500000 0.000000
0.399399 2.500000 2.500000 0.000000
0.400400 2.500000 2.500000 0.000000
0.401401 2.500000 2.500000 0.000000
0.402402 2.500000 2.500000 0.000000
0.403403 2.500000 2.500000 0.000000
0.404404 2.500000 2.500000 0.000000
0.405405 2.500000 2.500000 0.000000
0.406406 2.500000 2.500000 0.000000
0.407407 2.500000 2.500000 0.000000
0.408408 2.500000 2.500000 0.000000
0.409409 2.500000 2.500000 0.000000
0.410410 2.500000 2.500000 0.000000
0.411411 2.500000 2.500000 0.000000
0.412412 2.500000 2.500000 0.000000
0.413413 2.500000 2.500000 0.000000
0.414414 2.500000 2.500000 0.000000
0.415415 2.500000 2.500000 0.000000
0.416416 2.500000 2.500000 0.000000
0.417417 2.500000 2.500000 0.000000
0.418418 2.500000 2.500000 0.000000
0.419419 2.500000 2.500000 0.000000
0.420420 2.500000 2.500000 0.000000
0.421421 2.500000 2.500000 0.000000
0.422422 2.500000 2.500000 0.000000
0.423423 2.500000 2.500000 0.000000
0.424424 2.500000 2.500000 0.000000
0.425425 2.500000 2.500000 0.000000
0.426426 2.500000 2.500000 0.000000
0.427427 2.500000 2.500000 0.000000
0.428428 2.500000 2.500000 0.000000
0.429429 2.500000 2.500000 0.000000
0.430430 2.500000 2.500000 0.000000
0.431431 2.500000 2.500000 0.000000
0.432432 2.500000 2.500000 0.000000
0.433433 2.500000 2.500000 0.000000
0.434434 2.500000 2.500000 0.000000
0.435435 2.500000 2.500000 0.000000
0.436436 2.500000 2.500000 0.000000
0.437437 2.500000 2.500000 0.000000
0.438438 2.500000 2.500000 0.000000
0.439439 2.500000 2.500000 0.000000
0.440440 2.500000 2.500000 0.000000
0.441441 2.500000 2.500000 0.000000
0.442442 2.500000 2.500000 0.000000
0.443443 2.500000 2.500000 0.000000
0.444444 2.500000 2.500000 0.000000
0.445445 2.500000 2.500000 0.000000
0.446446 2.500000 2.500000 0.000000
0.447447 2.500000 2.500000 0.000000
0.448448 2.500000 2.500000 0.000000
0.449449 2.500000 2.500000 0.000000
0.450450 2.500000 2.500000 0.000000
0.451451 2.500000 2.500000 0.000000
0.452452 2.500000 2.500000 0.000000
0.453453 2.500000 2.500000 0.000000
0.454454 2.500000 2.500000 0.000000
0.455455 2.500000 2.500000 0.000000
0.456456 2.500000 2.500000 0.000000
0.457457 2.500000 2.500000 0.000000
0.458458 2.500000 2.500000 0.000000
0.459459 2.500000 2.500000 0.000000
0.460460 2.500000 2.500000 0.000000
0.461461 2.500000 2.500000 0.000000
0.462462 2.500000 2.500000 0.000000
0.463463 2.500000 2.500000 0.000000
0.464464 2.500000 2.500000 0.000000
0.465465 2.500000 2.500000 0.000000
0.466466 2.500000 2.500000 0.000000
0.467467 2.500000 2.500000 0.000000
0.468468 2.500000 2.500000 0.000000
0.469469 2.500000 2.500000 0.000000
0.470470 2.500000 2.500000 0.000000
0.471471 2.500000 2.500000 0.000000
0.472472 2.500000 2.500000 0.000000
0.473473 2.500000 2.500000 0.000000
0.474474 2.500000 2.500000 0.000000
0.475475 2.500000 2.500000 0.000000
0.476476 2.500000 2.500000 0.000000
0.477477 2.500000 2.500000 0.000000
0.478478 2.500000 2.500000 0.000000
0.479479 2.500000 2.500000 0.000000
0.480480 2.500000 2.500000 0.000000
0.481481 2.500000 2.500000 0.000000
0.482482 2.500000 2.500000 0.000000
0.483483 2.500000 2.500000 0.000000
0.484484 2.500000 2.500000 0.000000
0.485485 2.500000 2.500000 0.000000
0.486486 2.500000 2.500000 0.000000
0.487487 2.500000 2.500000 0.000000
0.488488 2.500000 2.500000 0.000000
0.489489 2.500000 2.500000 0.000000
0.490490 2.500000 2.500000 0.000000
0.491491 2.500000 2.500000 0.000000
0.492492 2.500000 2.500000 0.000000
0.493493 2.500000 2.500000 0.000000
0.494494 2.500000 2.500000 0.000000
0.495495 2.500000 2.500000 0.000000
0.496496 2.500000 2.500000 0.000000
0.497497 2.500000 2.500000 0.000000
0.498498 2.500000 2.500000 0.000000
0.499499 2.500000 2.500000 0.000000
0.500501 2.500000 0.000000 0.000000
0.501502 2.500000 0.000000 0.000000
0.502503 2.500000 0.000000 0.000000
0.503504 2.500000 0.000000 0.000000
0.504505 2.500000 0.000000 0.000000
0.505506 2.500000 0.000000 0.000000
0.506507 2.500000 0.000000 0.000000
0.507508 2.500000 0.000000 0.000000
0.508509 2.500000 0.000000 0.000000
0.509510 2.500000 0.000000 0.000000
0.510511 2.500000 0.000000 0.000000
0.511512 2.500000 0.000000 0.000000
0.512513 2.500000 0.000000 0.000000
0.513514 2.500000 0.000000 0.000000
0.514515 2.500000 0.000000 0.000000
0.515516 2.500000 0.000000 0.000000
0.516517 2.500000 0.000000 0.000000
0.517518 2.500000 0.000000 0.000000
0.518519 2.500000 0.000000 0.000000
0.519520 2.500000 0.000000 0.000000
0.520521 2.500000 0.000000 0.000000
0.521522 2.500000 0.000000 0.000000
0.522523 2.500000 0.000000 0.000000
0.523524 2.500000 0.000000 0.000000
0.524525 2.500000 0.000000 0.000000
0.525526 2.500000 0.000000 0.000000
0.526527 2.500000 0.000000 0.000000
0.527528 2.500000 0.000000 0.000000
0.528529 2.500000 0.000000 0.000000
0.529530 2.500000 0.000000 0.000000
0.530531 2.500000 0.000000 0.000000
0.531532 2.500000 0.000000 0.000000
0.532533 2.500000 0.000000 0.000000
0.533534 2.500000 0.000000 0.000000
0.534535 2.500000 0.000000 0.000000
0.535536 2.500000 0.000000 0.000000
0.536537 2.500000 0.000000 0.000000
0.537538 2.500000 0.000000 0.000000
0.538539 2.500000 0.000000 0.000000
0.539540 2.500000 0.000000 0.000000
0.540541 2.500000 0.000000 0.000000
0.541542 2.500000 0.000000 0.000000
0.542543 2.500000 0.000000 0.000000
0.543544 2.500000 0.000000 0.000000
0.544545 2.500000 0.000000 0.000000
0.545546 2.500000 0.000000 0.000000
0.546547 2.500000 0.000000 0.000000
0.547548 2.500000 0.000000 0.000000
0.548549 2.500000 0.000000 0.000000
0.549550 2.500000 0.000000 0.000000
0.550551 2.500000 0.000000 0.000000
0.551552 2.500000 0.000000 0.000000
0.552553 2.500000 0.000000 0.000000
0.553554 2.500000 0.000000 0.000000
0.554555 2.500000 0.000000 0.000000
0.555556 2.500000 0.000000 0.000000
0.556557 2.500000 0.000000 0.000000
0.557558 2.500000 0.000000 0.000000
0.558559 2.500000 0.000000 0.000000
0.559560 2.500000 0.000000 0.000000
0.560561 2.500000 0.000000 0.000000
0.561562 2.500000 0.000000 0.000000
0.562563 2.500000 0.000000 0.000000
0.563564 2.500000 0.000000 0.000000
0.564565 2.500000 0.000000 0.000000
0.565566 2.500000 0.000000 0.000000
0.566567 2.500000 0.000000 0.000000
0.567568 2.500000 0.000000 0.000000
0.568569 2.500000 0.000000 0.000000
0.569570 2.500000 0.000000 0.000000
0.570571 2.500000 0.000000 0.000000
0.571572 2.500000 0.000000 0.000000
0.572573 2.500000 0.000000 0.000000
0.573574 2.500000 0.000000 0.000000
0.574575 2.500000 0.000000 0.000000
0.575576 2.500000 0.000000 0.000000
0.576577 2.500000 0.000000 0.000000
0.577578 2.500000 0.000000 0.000000
0.578579 2.500000 0.000000 0.000000
0.579580 2.500000 0.000000 0.000000
0.580581 2.500000 0.000000 0.000000
0.581582 2.500000 0.000000 0.000000
0.582583 2.500000 0.000000 0.000000
0.583584 2.500000 0.000000 0.000000
0.584585 2.500000 0.000000 0.000000
0.585586 2.500000 0.000000 0.000000
0.586587 2.500000 0.000000 0.000000
0.587588 2.500000 0.000000 0.000000
0.588589 2.500000 0.000000 0.000000
0.589590 2.500000 0.000000 0.000000
0.590591 2.500000 0.000000 0.000000
0.591592 2.500000 0.000000 0.000000
0.592593 2.500000 0.000000 0.000000
0.593594 2.500000 0.000000 0.000000
0.594595 2.500000 0.000000 0.000000
0.595596 2.500000 0.000000 0.000000
0.596597 2.500000 0.000000 0.000000
0.597598 2.500000 0.000000 0.000000
0.598599 2.500000 0.000000 0.000000
0.599600 2.500000 0.000000 0.000000
0.600601 2.500000 0.000000 0.000000
0.601602 2.500000 0.000000 0.000000
0.602603 2.500000 0.000000 0.000000
0.603604 2.500000 0.000000 0.000000
0.604605 2.500000 0.000000 0.000000
0.605606 2.500000 0.000000 0.000000
0.606607 2.500000 0.000000 0.000000
0.607608 2.500000 0.000000 0.000000
0.608609 2.500000 0.000000 0.000000
0.609610 2.500000 0.000000 0.000000
0.610611 2.500000 0.000000 0.000000
0.611612 2.500000 0.000000 0.000000
0.612613 2.500000 0.000000 0.000000
0.613614 2.500000 0.000000 0.000000
0.614615 2.500000 0.000000 0.000000
0.615616 2.500000 0.000000 0.000000
0.616617 2.500000 0.000000 0.000000
0.617618 2.500000 0.000000 0.000000
0.618619 2.500000 0.000000 0.000000
0.619620 2.500000 0.000000 0.000000
0.620621 2.500000 0.000000 0.000000
0.621622 2.500000 0.000000 0.000000
0.622623 2.500000 0.000000 0.000000
0.623624 2.500000 0.000000 0.000000
0.624625 2.500000 0.000000 0.000000
0.625626 2.500000 0.000000 0.000000
0.626627 2.500000 0.000000 0.000000
0.627628 2.500000 0.000000 0.000000
0.628629 2.500000 0.000000 0.000000
0.629630 2.500000 0.000000 0.000000
0.630631 2.500000 0.000000 0.000000
0.631632 2.500000 0.000000 0.000000
0.632633 2.500000 0.000000 0.000000
0.633634 2.500000 0.000000 0.000000
0.634635 2.500000 0.000000 0.000000
0.635636 2.500000 0.000000 0.000000
0.636637 2.500000 0.000000 0.000000
0.637638 2.500000 0.000000 0.000000
0.638639 2.500000 0.000000 0.000000
0.639640 2.500000 0.000000 0.000000
0.640641 2.500000 0.000000 0.000000
0.641642 2.500000 0.000000 0.000000
0.642643 2.500000 0.000000 0.000000
0.643644 2.500000 0.000000 0.000000
0.644645 2.500000 0.000000 0.000000
0.645646 2.500000 0.000000 0.000000
0.646647 2.500000 0.000000 0.000000
0.647648 2.500000 0.000000 0.000000
0.648649 2.500000 0.000000 0.000000
0.649650 2.500000 0.000000 0.000000
0.650651 2.500000 0.000000 0.000000
0.651652 2.500000 0.000000 0.000000
0.652653 2.500000 0.000000 0.000000
0.653654 2.500000 0.000000 0.000000
0.654655 2.500000 0.000000 0.000000
0.655656 2.500000 0.000000 0.000000
0.656657 2.500000 0.000000 0.000000
0.657658 2.500000 0.000000 0.000000
0.658659 2.500000 0.000000 0.000000
0.659660 2.500000 0.000000 0.000000
0.660661 2.500000 0.000000 0.000000
0.661662 2.500000 0.000000 0.000000
0.662663 2.500000 0.000000 0.000000
0.663664 2.500000 0.000000 0.000000
0.664665 2.500000 0.000000 0.000000
0.665666 2.500000 0.000000 0.000000
0.666667 2.500000 0.000000 0.000000
0.667668 2.500000 0.000000 0.000000
0.668669 2.500000 0.000000 0.000000
0.669670 2.500000 0.000000 0.000000
0.670671 2.500000 0.000000 0.000000
0.671672 2.500000 0.000000 0.000000
0.672673 2.500000 0.000000 0.000000
0.673674 2.500000 0.000000 0.000000
0.674675 2.500000 0.000000 0.000000
0.675676 2.500000 0.000000 0.000000
0.676677 2.500000 0.000000 0.000000
0.677678 2.500000 0.000000 0.000000
0.678679 2.500000 0.000000 0.000000
0.679680 2.500000 0.000000 0.000000
0.680681 2.500000 0.000000 0.000000
0.681682 2.500000 0.000000 0.000000
0.682683 2.500000 0.000000 0.000000
0.683684 2.500000 0.000000 0.000000
0.684685 2.500000 0.000000 0.000000
0.685686 2.500000 0.000000 0.000000
0.686687 2.500000 0.000000 0.000000
0.687688 2.500000 0.000000 0.000000
0.688689 2.500000 0.000000 0.000000
0.689690 2.500000 0.000000 0.000000
0.690691 2.500000 0.000000 0.000000
0.691692 2.500000 0.000000 0.000000
0.692693 2.500000 0.000000 0.000000
0.693694 2.500000 0.000000 0.000000
0.694695 2.500000 0.000000 0.000000
0.695696 2.500000 0.000000 0.000000
0.696697 2.500000 0.000000 0.000000
0.697698 2.500000 0.000000 0.000000
0.698699 2.500000 0.000000 0.000000
0.699700 2.500000 0.000000 0.000000
0.700701 0.000000 0.000000 0.000000
0.701702 0.000000 0.000000 0.000000
0.702703 0.000000 0.000000 0.000000
0.703704 0.000000 0.000000 0.000000
0.704705 0.000000 0.000000 0.000000
0.705706 0.000000 0.000000 0.000000
0.706707 0.000000 0.000000 0.000000
0.707708 0.000000 0.000000 0.000000
0.708709 0.000000 0.000000 0.000000
0.709710 0.000000 0.000000 0.000000
0.710711 0.000000 0.000000 0.000000
0.711712 0.000000 0.000000 0.000000
0.712713 0.000000 0.000000 0.000000
0.713714 0.000000 0.000000 0.000000
0.714715 0.000000 0.000000 0.000000
0.715716 0.000000 0.000000 0.000000
0.716717 0.000000 0.000000 0.000000
0.717718 0.000000 0.000000 0.000000
0.718719 0.000000 0.000000 0.000000
0.719720 0.000000 0.000000 0.000000
0.720721 0.000000 0.000000 0.000000
0.721722 0.000000 0.000000 0.000000
0.722723 0.000000 0.000000 0.000000
0.723724 0.000000 0.000000 0.000000
0.724725 0.000000 0.000000 0.000000
0.725726 0.000000 0.000000 0.000000
0.726727 0.000000 0.000000 0.000000
0.727728 0.000000 0.000000 0.000000
0.728729 0.000000 0.000000 0.000000
0.729730 0.000000 0.000000 0.000000
0.730731 0.000000 0.000000 0.000000
0.731732 0.000000 0.000000 0.000000
0.732733 0.000000 0.000000 0.000000
0.733734 0.000000 0.000000 0.000000
0.734735 0.000000 0.000000 0.000000
0.735736 0.000000 0.000000 0.000000
0.736737 0.000000 0.000000 0.000000
0.737738 0.000000 0.000000 0.000000
0.738739 0.000000 0.000000 0.000000
0.739740 0.000000 0.000000 0.000000
0.740741 0.000000 0.000000 0.000000
0.741742 0.000000 0.000000 0.000000
0.742743 0.000000 0.000000 0.000000
0.743744 0.000000 0.000000 0.000000
0.744745 0.000000 0.000000 0.000000
0.745746 0.000000 0.000000 0.000000
0.746747 0.000000 0.000000 0.000000
0.747748 0.000000 0.000000 0.000000
0.748749 0.000000 0.000000 0.000000
0.749750 0.000000 0.000000 0.000000
0.750751 0.000000 0.000000 0.000000
0.751752 0.000000 0.000000 0.000000
0.752753 0.000000 0.000000 0.000000
0.753754 0.000000 0.000000 0.000000
0.754755 0.000000 0.000000 0.000000
0.755756 0.000000 0.000000 0.000000
0.756757 0.000000 0.000000 0.000000
0.757758 0.000000 0.000000 0.000000
0.758759 0.000000 0.000000 0.000000
0.759760 0.000000 0.000000 0.000000
0.760761 0.000000 0.000000 0.000000
0.761762 0.000000 0.000000 0.000000
0.762763 0.000000 0.000000 0.000000
0.763764 0.000000 0.000000 0.000000
0.764765 0.000000 0.000000 0.000000
0.765766 0.000000 0.000000 0.000000
0.766767 0.000000 0.000000 0.000000
0.767768 0.000000 0.000000 0.000000
0.768769 0.000000 0.000000 0.000000
0.769770 0.000000 0.000000 0.000000
0.770771 0.000000 0.000000 0.000000
0.771772 0.000000 0.000000 0.000000
0.772773 0.000000 0.000000 0.000000
0.773774 0.000000 0.000000 0.000000
0.774775 0.000000 0.000000 0.000000
0.775776 0.000000 0.000000 0.000000
0.776777 0.000000 0.000000 0.000000
0.777778 0.000000 0.000000 0.000000
0.778779 0.000000 0.000000 0.000000
0.779780 0.000000 0.000000 0.000000
0.780781 0.000000 0.000000 0.000000
0.781782 0.000000 0.000000 0.000000
0.782783 0.000000 0.000000 0.000000
0.783784 0.000000 0.000000 0.000000
0.784785 0.000000 0.000000 0.000000
0.785786 0.000000 0.000000 0.000000
0.786787 0.000000 0.000000 0.000000
0.787788 0.000000 0.000000 0.000000
0.788789 0.000000 0.000000 0.000000
0.789790 0.000000 0.000000 0.000000
0.790791 0.000000 0.000000 0.000000
0.791792 0.000000 0.000000 0.000000
0.792793 0.000000 0.000000 0.000000
0.793794 0.000000 0.000000 0.000000
0.794795 0.000000 0.000000 0.000000
0.795796 0.000000 0.000000 0.000000
0.796797 0.000000 0.000000 0.000000
0.797798 0.000000 0.000000 0.000000
0.798799 0.000000 0.000000 0.000000
0.799800 0.000000 0.000000 0.000000
0.800801 0.000000 0.000000 0.000000
0.801802 0.000000 0.000000 0.000000
0.802803 0.000000 0.000000 0.000000
0.803804 0.000000 0.000000 0.000000
0.804805 0.000000 0.000000 0.000000
0.805806 0.000000 0.000000 0.000000
0.806807 0.000000 0.000000 0.000000
0.807808 0.000000 0.000000 0.000000
0.808809 0.000000 0.000000 0.000000
0.809810 0.000000 0.000000 0.000000
0.810811 0.000000 0.000000 0.000000
0.811812 0.000000 0.000000 0.000000
0.812813 0.000000 0.000000 0.000000
0.813814 0.000000 0.000000 0.000000
0.814815 0.000000 0.000000 0.000000
0.815816 0.000000 0.000000 0.000000
0.816817 0.000000 0.000000 0.000000
0.817818 0.000000 0.000000 0.000000
0.818819 0.000000 0.000000 0.000000
0.819820 0.000000 0.000000 0.000000
0.820821 0.000000 0.000000 0.000000
0.821822 0.000000 0.000000 0.000000
0.822823 0.000000 0.000000 0.000000
0.823824 0.000000 0.000000 0.000000
0.824825 0.000000 0.000000 0.000000
0.825826 0.000000 0.000000 0.000000
0.826827 0.000000 0.000000 0.000000
0.827828 0.000000 0.000000 0.000000
0.828829 0.000000 0.000000 0.000000
0.829830 0.000000 0.000000 0.000000
0.830831 0.000000 0.000000 0.000000
0.831832 0.000000 0.000000 0.000000
0.832833 0.000000 0.000000 0.000000
0.833834 0.000000 0.000000 0.000000
0.834835 0.000000 0.000000 0.000000
0.835836 0.000000 0.000000 0.000000
0.836837 0.000000 0.000000 0.000000
0.837838 0.000000 0.000000 0.000000
0.838839 0.000000 0.000000 0.000000
0.839840 0.000000 0.000000 0.000000
0.840841 0.000000 0.000000 0.000000
0.841842 0.000000 0.000000 0.000000
0.842843 0.000000 0.000000 0.000000
0.843844 0.000000 0.000000 0.000000
0.844845 0.000000 0.000000 0.000000
0.845846 0.000000 0.000000 0.000000
0.846847 0.000000 0.000000 0.000000
0.847848 0.000000 0.000000 0.000000
0.848849 0.000000 0.000000 0.000000
0.849850 0.000000 0.000000 0.000000
0.850851 0.000000 0.000000 0.000000
0.851852 0.000000 0.000000 0.000000
0.852853 0.000000 0.000000 0.000000
0.853854 0.000000 0.000000 0.000000
0.854855 0.000000 0.000000 0.000000
0.855856 0.000000 0.000000 0.000000
0.856857 0.000000 0.000000 0.000000
0.857858 0.000000 0.000000 0.000000
0.858859 0.000000 0.000000 0.000000
0.859860 0.000000 0.000000 0.000000
0.860861 0.000000 0.000000 0.000000
0.861862 0.000000 0.000000 0.000000
0.862863 0.000000 0.000000 0.000000
0.863864 0.000000 0.000000 0.000000
0.864865 0.000000 0.000000 0.000000
0.865866 0.000000 0.000000 0.000000
0.866867 0.000000 0.000000 0.000000
0.867868 0.000000 0.000000 0.000000
0.868869 0.000000 0.000000 0.000000
0.869870 0.000000 0.000000 0.000000
0.870871 0.000000 0.000000 0.000000
0.871872 0.000000 0.000000 0.000000
0.872873 0.000000 0.000000 0.000000
0.873874 0.000000 0.000000 0.000000
0.874875 0.000000 0.000000 0.000000
0.875876 0.000000 0.000000 0.000000
0.876877 0.000000 0.000000 0.000000
0.877878 0.000000 0.000000 0.000000
0.878879 0.000000 0.000000 0.000000
0.879880 0.000000 0.000000 0.000000
0.880881 0.000000 0.000000 0.000000
0.881882 0.000000 0.000000 0.000000
0.882883 0.000000 0.000000 0.000000
0.883884 0.000000 0.000000 0.000000
0.884885 0.000000 0.000000 0.000000
0.885886 0.000000 0.000000 0.000000
0.886887 0.000000 0.000000 0.000000
0.887888 0.000000 0.000000 0.000000
0.888889 0.000000 0.000000 0.000000
0.889890 0.000000 0.000000 0.000000
0.890891 0.000000 0.000000 0.000000
0.891892 0.000000 0.000000 0.000000
0.892893 0.000000 0.000000 0.000000
0.893894 0.000000 0.000000 0.000000
0.894895 0.000000 0.000000 0.000000
0.895896 0.000000 0.000000 0.000000
0.896897 0.000000 0.000000 0.000000
0.897898 0.000000 0.000000 0.000000
0.898899 0.000000 0.000000 0.000000
0.899900 0.000000 0.000000 0.000000
0.900901 0.000000 0.000000 0.000000
0.901902 0.000000 0.000000 0.000000
0.902903 0.000000 0.000000 0.000000
0.903904 0.000000 0.000000 0.000000
0.904905 0.000000 0.000000 0.000000
0.905906 0.000000 0.000000 0.000000
0.906907 0.000000 0.000000 0.000000
0.907908 0.000000 0.000000 0.000000
0.908909 0.000000 0.000000 0.000000
0.909910 0.000000 0.000000 0.000000
0.910911 0.000000 0.000000 0.000000
0.911912 0.000000 0.000000 0.000000
0.912913 0.000000 0.000000 0.000000
0.913914 0.000000 0.000000 0.000000
0.914915 0.000000 0.000000 0.000000
0.915916 0.000000 0.000000 0.000000
0.916917 0.000000 0.000000 0.000000
0.917918 0.000000 0.000000 0.000000
0.918919 0.000000 0.000000 0.000000
0.919920 0.000000 0.000000 0.000000
0.920921 0.000000 0.000000 0.000000
0.921922 0.000000 0.000000 0.000000
0.922923 0.000000 0.000000 0.000000
0.923924 0.000000 0.000000 0.000000
0.924925 0.000000 0.000000 0.000000
0.925926 0.000000 0.000000 0.000000
0.926927 0.000000 0.000000 0.000000
0.927928 0.000000 0.000000 0.000000
0.928929 0.000000 0.000000 0.000000
0.929930 0.000000 0.000000 0.000000
0.930931 0.000000 0.000000 0.000000
0.931932 0.000000 0.000000 0.000000
0.932933 0.000000 0.000000 0.000000
0.933934 0.000000 0.000000 0.000000
0.934935 0.000000 0.000000 0.000000
0.935936 0.000000 0.000000 0.000000
0.936937 0.000000 0.000000 0.000000
0.937938 0.000000 0.000000 0.000000
0.938939 0.000000 0.000000 0.000000
0.939940 0.000000 0.000000 0.000000
0.940941 0.000000 0.000000 0.000000
0.941942 0.000000 0.000000 0.000000
0.942943 0.000000 0.000000 0.000000
0.943944 0.000000 0.000000 0.000000
0.944945 0.000000 0.000000 0.000000
0.945946 0.000000 0.000000 0.000000
0.946947 0.000000 0.000000 0.000000
0.947948 0.000000 0.000000 0.000000
0.948949 0.000000 0.000000 0.000000
0.949950 0.000000 0.000000 0.000000
0.950951 0.000000 0.000000 0.000000
0.951952 0.000000 0.000000 0.000000
0.952953 0.000000 0.000000 0.000000
0.953954 0.000000 0.000000 0.000000
0.954955 0.000000 0.000000 0.000000
0.955956 0.000000 0.000000 0.000000
0.956957 0.000000 0.000000 0.000000
0.957958 0.000000 0.000000 0.000000
0.958959 0.000000 0.000000 0.000000
0.959960 0.000000 0.000000 0.000000
0.960961 0.000000 0.000000 0.000000
0.961962 0.000000 0.000000 0.000000
0.962963 0.000000 0.000000 0.000000
0.963964 0.000000 0.000000 0.000000
0.964965 0.000000 0.000000 0.000000
0.965966 0.000000 0.000000 0.000000
0.966967 0.000000 0.000000 0.000000
0.967968 0.000000 0.000000 0.000000
0.968969 0.000000 0.000000 0.000000
0.969970 0.000000 0.000000 0.000000
0.970971 0.000000 0.000000 0.000000
0.971972 0.000000 0.000000 0.000000
0.972973 0.000000 0.000000 0.000000
0.973974 0.000000 0.000000 0.000000
0.974975 0.000000 0.000000 0.000000
0.975976 0.000000 0.000000 0.000000
0.976977 0.000000 0.000000 0.000000
0.977978 0.000000 0.000000 0.000000
0.978979 0.000000 0.000000 0.000000
0.979980 0.000000 0.000000 0.000000
0.980981 0.000000 0.000000 0.000000
0.981982 0.000000 0.000000 0.000000
0.982983 0.000000 0.000000 0.000000
0.983984 0.000000 0.000000 0.000000
0.984985 0.000000 0.000000 0.000000
0.985986 0.000000 0.000000 0.000000
0.986987 0.000000 0.000000 0.000000
0.987988 0.000000 0.000000 0.000000
0.988989 0.000000 0.000000 0.000000
0.989990 0.000000 0.000000 0.000000
0.990991 0.000000 0.000000 0.000000
0.991992 0.000000 0.000000 0.000000
0.992993 0.000000 0.000000 0.000000
0.993994 0.000000 0.000000 0.000000
0.994995 0.000000 0.000000 0.000000
0.995996 0.000000 0.000000 0.000000
0.996997 0.000000 0.000000 0.000000
0.997998 0.000000 0.000000 0.000000
0.998999 0.000000 0.000000 0.000000
1.000000 0.000000 0.000000 0.000000
