s PU_case1 PA_case1 PU_case2 PA_case2 PU_case3 PA_case3
0.0000 0.0000 0.0000 0.0000 0.0000 0.0000 0.0000
0.0010 0.0000 0.0000 0.0000 0.0000 0.0000 0.0000
0.0020 0.0000 0.0000 0.0000 0.0000 0.0000 0.0000
0.0030 0.0000 0.0000 0.0000 0.0000 0.0000 0.0000
0.0040 0.0000 0.0000 0.0000 0.0000 0.0000 0.0000
0.0050 0.0000 0.0000 0.0000 0.0000 0.0000 0.0000
0.0060 0.0000 0.0000 0.0000 0.0000 0.0000 0.0000
0.0070 0.0000 0.0000 0.0000 0.0000 0.0000 0.0000
0.0080 0.0000 0.0000 0.0000 0.0000 0.0000 0.0000
0.0090 0.0000 0.0000 0.0000 0.0000 0.0000 0.0000
0.0100 0.0000 0.0000 0.0000 0.0000 0.0000 0.0000
0.0110 0.0000 0.0000 0.0000 0.0000 0.0000 0.0000
0.0120 0.0000 0.0000 0.0000 0.0000 0.0000 0.0000
0.0130 0.0000 0.0000 0.0000 0.0000 0.0000 0.0000
0.0140 0.0000 0.0000 0.0000 0.0000 0.0000 0.0000
0.0150 0.0000 0.0000 0.0000 0.0000 0.0000 0.0000
0.0160 0.0000 0.0000 0.0000 0.0000 0.0000 0.0000
0.0170 0.0000 0.0000 0.0000 0.0000 0.0000 0.0000
0.0180 0.0000 0.0000 0.0000 0.0000 0.0000 0.0000
0.0190 0.0000 0.0000 0.0000 0.0000 0.0000 0.0000
0.0200 0.0000 0.0000 0.0000 0.0000 0.0000 0.0000
0.0210 0.0000 0.0000 0.0000 0.0000 0.0000 0.0000
0.0220 0.0000 0.0000 0.0000 0.0000 0.0000 0.0000
0.0230 0.0000 0.0000 0.0000 0.0000 0.0000 0.0000
0.0240 0.0000 0.0000 0.0000 0.0000 0.0000 0.0000
0.0250 0.0000 0.0000 0.0000 0.0000 0.0000 0.0000
0.0260 0.0000 0.0000 0.0000 0.0000 0.0000 0.0000
0.0270 0.0000 0.0000 0.0000 0.0000 0.0000 0.0000
0.0280 0.0000 0.0000 0.0000 0.0000 0.0000 0.0000
0.0290 0.0000 0.0000 0.0000 0.0000 0.0000 0.0000
0.0300 0.0000 0.0000 0.0000 0.0000 0.0000 0.0000
0.0310 0.0000 0.0000 0.0000 0.0000 0.0000 0.0000
0.0320 0.0000 0.0000 0.0000 0.0000 0.0000 0.0000
0.0330 0.0000 0.0000 0.0000 0.0000 0.0000 0.0000
0.0340 0.0000 0.0000 0.0000 0.0000 0.0000 0.0000
0.0350 0.0000 0.0000 0.0000 0.0000 0.0000 0.0000
0.0360 0.0000 0.0000 0.0000 0.0000 0.0000 0.0000
0.0370 0.0000 0.0000 0.0000 0.0000 0.0000 0.0000
0.0380 0.0000 0.0000 0.0000 0.0000 0.0000 0.0000
0.0390 0.0000 0.0000 0.0000 0.0000 0.0000 0.0000
0.0400 0.0000 0.0000 0.0000 0.0000 0.0000 0.0000
0.0410 0.0000 0.0000 0.0000 0.0000 0.0000 0.0000
0.0420 0.0000 0.0000 0.0000 0.0000 0.0000 0.0000
0.0430 0.0000 0.0000 0.0000 0.0000 0.0000 0.0000
0.0440 0.0000 0.0000 0.0000 0.0000 0.0000 0.0000
0.0450 0.0000 0.0000 0.0000 0.0000 0.0000 0.0000
0.0460 0.0000 0.0000 0.0000 0.0000 0.0000 0.0000
0.0470 0.0000 0.0000 0.0000 0.0000 0.0000 0.0000
0.0480 0.0000 0.0000 0.0000 0.0000 0.0000 0.0000
0.0490 0.0000 0.0000 0.0000 0.0000 0.0000 0.0000
0.0501 0.0000 0.0000 0.0000 0.0000 0.0000 0.0000
0.0511 0.0000 0.0000 0.0000 0.0000 0.0000 0.0000
0.0521 0.0000 0.0000 0.0000 0.0000 0.0000 0.0000
0.0531 0.0000 0.0000 0.0000 0.0000 0.0000 0.0000
0.0541 0.0000 0.0000 0.0000 0.0000 0.0000 0.0000
0.0551 0.0000 0.0000 0.0000 0.0000 0.0000 0.0000
0.0561 0.0000 0.0000 0.0000 0.0000 0.0000 0.0000
0.0571 0.0000 0.0000 0.0000 0.0000 0.0000 0.0000
0.0581 0.0000 0.0000 0.0000 0.0000 0.0000 0.0000
0.0591 0.0000 0.0000 0.0000 0.0000 0.0000 0.0000
0.0601 0.0000 0.0000 0.0000 0.0000 0.0000 0.0000
0.0611 0.0000 0.0000 0.0000 0.0000 0.0000 0.0000
0.0621 0.0000 0.0000 0.0000 0.0000 0.0000 0.0000
0.0631 0.0000 0.0000 0.0000 0.0000 0.0000 0.0000
0.0641 0.0000 0.0000 0.0000 0.0000 0.0000 0.0000
0.0651 0.0000 0.0000 0.0000 0.0000 0.0000 0.0000
0.0661 0.0000 0.0000 0.0000 0.0000 0.0000 0.0000
0.0671 0.0000 0.0000 0.0000 0.0000 0.0000 0.0000
0.0681 0.0000 0.0000 0.0000 0.0000 0.0000 0.0000
0.0691 0.0000 0.0000 0.0000 0.0000 0.0000 0.0000
0.0701 0.0000 0.0000 0.0000 0.0000 0.0000 0.0000
0.0711 0.0000 0.0000 0.0000 0.0000 0.0000 0.0000
0.0721 0.0000 0.0000 0.0000 0.0000 0.0000 0.0000
0.0731 0.0000 0.0000 0.0000 0.0000 0.0000 0.0000
0.0741 0.0000 0.0000 0.0000 0.0000 0.0000 0.0000
0.0751 0.0000 0.0000 0.0000 0.0000 0.0000 0.0000
0.0761 0.0000 0.0000 0.0000 0.0000 0.0000 0.0000
0.0771 0.0000 0.0000 0.0000 0.0000 0.0000 0.0000
0.0781 0.0000 0.0000 0.0000 0.0000 0.0000 0.0000
0.0791 0.0000 0.0000 0.0000 0.0000 0.0000 0.0000
0.0801 0.0000 0.0000 0.0000 0.0000 0.0000 0.0000
0.0811 0.0000 0.0000 0.0000 0.0000 0.0000 0.0000
0.0821 0.0000 0.0000 0.0000 0.0000 0.0000 0.0000
0.0831 0.0000 0.0000 0.0000 0.0000 0.0000 0.0000
0.0841 0.0000 0.0000 0.0000 0.0000 0.0000 0.0000
0.0851 0.0000 0.0000 0.0000 0.0000 0.0000 0.0000
0.0861 0.0000 0.0000 0.0000 0.0000 0.0000 0.0000
0.0871 0.0000 0.0000 0.0000 0.0000 0.0000 0.0000
0.0881 0.0000 0.0000 0.0000 0.0000 0.0000 0.0000
0.0891 0.0000 0.0000 0.0000 0.0000 0.0000 0.0000
0.0901 0.0000 0.0000 0.0000 0.0000 0.0000 0.0000
0.0911 0.0000 0.0000 0.0000 0.0000 0.0000 0.0000
0.0921 0.0000 0.0000 0.0000 0.0000 0.0000 0.0000
0.0931 0.0000 0.0000 0.0000 0.0000 0.0000 0.0000
0.0941 0.0000 0.0000 0.0000 0.0000 0.0000 0.0000
0.0951 0.0000 0.0000 0.0000 0.0000 0.0000 0.0000
0.0961 0.0000 0.0000 0.0000 0.0000 0.0000 0.0000
0.0971 0.0000 0.0000 0.0000 0.0000 0.0000 0.0000
0.0981 0.0000 0.0000 0.0000 0.0000 0.0000 0.0000
0.0991 0.0000 0.0000 0.0000 0.0000 0.0000 0.0000
0.1001 0.0000 0.0000 0.0000 0.0000 0.0000 0.0000
0.1011 0.0000 0.0000 0.0000 0.0000 0.0000 0.0000
0.1021 0.0000 0.0000 0.0000 0.0000 0.0000 0.0000
0.1031 0.0000 0.0000 0.0000 0.0000 0.0000 0.0000
0.1041 0.0000 0.0000 0.0000 0.0000 0.0000 0.0000
0.1051 0.0000 0.0000 0.0000 0.0000 0.0000 0.0000
0.1061 0.0000 0.0000 0.0000 0.0000 0.0000 0.0000
0.1071 0.0000 0.0000 0.0000 0.0000 0.0000 0.0000
0.1081 0.0000 0.0000 0.0000 0.0000 0.0000 0.0000
0.1091 0.0000 0.0000 0.0000 0.0000 0.0000 0.0000
0.1101 0.0000 0.0000 0.0000 0.0000 0.0000 0.0000
0.1111 0.0000 0.0000 0.0000 0.0000 0.0000 0.0000
0.1121 0.0000 0.0000 0.0000 0.0000 0.0000 0.0000
0.1131 0.0000 0.0000 0.0000 0.0000 0.0000 0.0000
0.1141 0.0000 0.0000 0.0000 0.0000 0.0000 0.0000
0.1151 0.0000 0.0000 0.0000 0.0000 0.0000 0.0000
0.1161 0.0000 0.0000 0.0000 0.0000 0.0000 0.0000
0.1171 0.0000 0.0000 0.0000 0.0000 0.0000 0.0000
0.1181 0.0000 0.0000 0.0000 0.0000 0.0000 0.0000
0.1191 0.0000 0.0000 0.0000 0.0000 0.0000 0.0000
0.1201 0.0000 0.0000 0.0000 0.0000 0.0000 0.0000
0.1211 0.0000 0.0000 0.0000 0.0000 0.0000 0.0000
0.1221 0.0000 0.0000 0.0000 0.0000 0.0000 0.0000
0.1231 0.0000 0.0000 0.0000 0.0000 0.0000 0.0000
0.1241 0.0000 0.0000 0.0000 0.0000 0.0000 0.0000
0.1251 0.0000 0.0000 0.0000 0.0000 0.0000 0.0000
0.1261 0.0000 0.0000 0.0000 0.0000 0.0000 0.0000
0.1271 0.0000 0.0000 0.0000 0.0000 0.0000 0.0000
0.1281 0.0000 0.0000 0.0000 0.0000 0.0000 0.0000
0.1291 0.0000 0.0000 0.0000 0.0000 0.0000 0.0000
0.1301 0.0000 0.0000 0.0000 0.0000 0.0000 0.0000
0.1311 0.0000 0.0000 0.0000 0.0000 0.0000 0.0000
0.1321 0.0000 0.0000 0.0000 0.0000 0.0000 0.0000
0.1331 0.0000 0.0000 0.0000 0.0000 0.0000 0.0000
0.1341 0.0000 0.0000 0.0000 0.0000 0.0000 0.0000
0.1351 0.0000 0.0000 0.0000 0.0000 0.0000 0.0000
0.1361 0.0000 0.0000 0.0000 0.0000 0.0000 0.0000
0.1371 0.0000 0.0000 0.0000 0.0000 0.0000 0.0000
0.1381 0.0000 0.0000 0.0000 0.0000 0.0000 0.0000
0.1391 0.0000 0.0000 0.0000 0.0000 0.0000 0.0000
0.1401 0.0000 0.0000 0.0000 0.0000 0.0000 0.0000
0.1411 0.0000 0.0000 0.0000 0.0000 0.0000 0.0000
0.1421 0.0000 0.0000 0.0000 0.0000 0.0000 0.0000
0.1431 0.0000 0.0000 0.0000 0.0000 0.0000 0.0000
0.1441 0.0000 0.0000 0.0000 0.0000 0.0000 0.0000
0.1451 0.0000 0.0000 0.0000 0.0000 0.0000 0.0000
0.1461 0.0000 0.0000 0.0000 0.0000 0.0000 0.0000
0.1471 0.0000 0.0000 0.0000 0.0000 0.0000 0.0000
0.1481 0.0000 0.0000 0.0000 0.0000 0.0000 0.0000
0.1491 0.0000 0.0000 0.0000 0.0000 0.0000 0.0000
0.1502 0.0000 4.0000 0.0000 0.0000 0.0000 2.0000
0.1512 0.0000 4.0000 0.0000 0.0000 0.0000 2.0000
0.1522 0.0000 4.0000 0.0000 0.0000 0.0000 2.0000
0.1532 0.0000 4.0000 0.0000 0.0000 0.0000 2.0000
0.1542 0.0000 4.0000 0.0000 0.0000 0.0000 2.0000
0.1552 0.0000 4.0000 0.0000 0.0000 0.0000 2.0000
0.1562 0.0000 4.0000 0.0000 0.0000 0.0000 2.0000
0.1572 0.0000 4.0000 0.0000 0.0000 0.0000 2.0000
0.1582 0.0000 4.0000 0.0000 0.0000 0.0000 2.0000
0.1592 0.0000 4.0000 0.0000 0.0000 0.0000 2.0000
0.1602 0.0000 4.0000 0.0000 0.0000 0.0000 2.0000
0.1612 0.0000 4.0000 0.0000 0.0000 0.0000 2.0000
0.1622 0.0000 4.0000 0.0000 0.0000 0.0000 2.0000
0.1632 0.0000 4.0000 0.0000 0.0000 0.0000 2.0000
0.1642 0.0000 4.0000 0.0000 0.0000 0.0000 2.0000
0.1652 0.0000 4.0000 0.0000 0.0000 0.0000 2.0000
0.1662 0.0000 4.0000 0.0000 0.0000 0.0000 2.0000
0.1672 0.0000 4.0000 0.0000 0.0000 0.0000 2.0000
0.1682 0.0000 4.0000 0.0000 0.0000 0.0000 2.0000
0.1692 0.0000 4.0000 0.0000 0.0000 0.0000 2.0000
0.1702 0.0000 4.0000 0.0000 0.0000 0.0000 2.0000
0.1712 0.0000 4.0000 0.0000 0.0000 0.0000 2.0000
0.1722 0.0000 4.0000 0.0000 0.0000 0.0000 2.0000
0.1732 0.0000 4.0000 0.0000 0.0000 0.0000 2.0000
0.1742 0.0000 4.0000 0.0000 0.0000 0.0000 2.0000
0.1752 0.0000 4.0000 0.0000 0.0000 0.0000 2.0000
0.1762 0.0000 4.0000 0.0000 0.0000 0.0000 2.0000
0.1772 0.0000 4.0000 0.0000 0.0000 0.0000 2.0000
0.1782 0.0000 4.0000 0.0000 0.0000 0.0000 2.0000
0.1792 0.0000 4.0000 0.0000 0.0000 0.0000 2.0000
0.1802 0.0000 4.0000 0.0000 0.0000 0.0000 2.0000
0.1812 0.0000 4.0000 0.0000 0.0000 0.0000 2.0000
0.1822 0.0000 4.0000 0.0000 0.0000 0.0000 2.0000
0.1832 0.0000 4.0000 0.0000 0.0000 0.0000 2.0000
0.1842 0.0000 4.0000 0.0000 0.0000 0.0000 2.0000
0.1852 0.0000 4.0000 0.0000 0.0000 0.0000 2.0000
0.1862 0.0000 4.0000 0.0000 0.0000 0.0000 2.0000
0.1872 0.0000 4.0000 0.0000 0.0000 0.0000 2.0000
0.1882 0.0000 4.0000 0.0000 0.0000 0.0000 2.0000
0.1892 0.0000 4.0000 0.0000 0.0000 0.0000 2.0000
0.1902 0.0000 4.0000 0.0000 0.0000 0.0000 2.0000
0.1912 0.0000 4.0000 0.0000 0.0000 0.0000 2.0000
0.1922 0.0000 4.0000 0.0000 0.0000 0.0000 2.0000
0.1932 0.0000 4.0000 0.0000 0.0000 0.0000 2.0000
0.1942 0.0000 4.0000 0.0000 0.0000 0.0000 2.0000
0.1952 0.0000 4.0000 0.0000 0.0000 0.0000 2.0000
0.1962 0.0000 4.0000 0.0000 0.0000 0.0000 2.0000
0.1972 0.0000 4.0000 0.0000 0.0000 0.0000 2.0000
0.1982 0.0000 4.0000 0.0000 0.0000 0.0000 2.0000
0.1992 0.0000 4.0000 0.0000 0.0000 0.0000 2.0000
0.2002 0.0000 4.0000 1.5385 0.0000 0.0000 2.0000
0.2012 0.0000 4.0000 1.5385 0.0000 0.0000 2.0000
0.2022 0.0000 4.0000 1.5385 0.0000 0.0000 2.0000
0.2032 0.0000 4.0000 1.5385 0.0000 0.0000 2.0000
0.2042 0.0000 4.0000 1.5385 0.0000 0.0000 2.0000
0.2052 0.0000 4.0000 1.5385 0.0000 0.0000 2.0000
0.2062 0.0000 4.0000 1.5385 0.0000 0.0000 2.0000
0.2072 0.0000 4.0000 1.5385 0.0000 0.0000 2.0000
0.2082 0.0000 4.0000 1.5385 0.0000 0.0000 2.0000
0.2092 0.0000 4.0000 1.5385 0.0000 0.0000 2.0000
0.2102 0.0000 4.0000 1.5385 0.0000 0.0000 2.0000
0.2112 0.0000 4.0000 1.5385 0.0000 0.0000 2.0000
0.2122 0.0000 4.0000 1.5385 0.0000 0.0000 2.0000
0.2132 0.0000 4.0000 1.5385 0.0000 0.0000 2.0000
0.2142 0.0000 4.0000 1.5385 0.0000 0.0000 2.0000
0.2152 0.0000 4.0000 1.5385 0.0000 0.0000 2.0000
0.2162 0.0000 4.0000 1.5385 0.0000 0.0000 2.0000
0.2172 0.0000 4.0000 1.5385 0.0000 0.0000 2.0000
0.2182 0.0000 4.0000 1.5385 0.0000 0.0000 2.0000
0.2192 0.0000 4.0000 1.5385 0.0000 0.0000 2.0000
0.2202 0.0000 4.0000 1.5385 0.0000 0.0000 2.0000
0.2212 0.0000 4.0000 1.5385 0.0000 0.0000 2.0000
0.2222 0.0000 4.0000 1.5385 0.0000 0.0000 2.0000
0.2232 0.0000 4.0000 1.5385 0.0000 0.0000 2.0000
0.2242 0.0000 4.0000 1.5385 0.0000 0.0000 2.0000
0.2252 0.0000 4.0000 1.5385 0.0000 0.0000 2.0000
0.2262 0.0000 4.0000 1.5385 0.0000 0.0000 2.0000
0.2272 0.0000 4.0000 1.5385 0.0000 0.0000 2.0000
0.2282 0.0000 4.0000 1.5385 0.0000 0.0000 2.0000
0.2292 0.0000 4.0000 1.5385 0.0000 0.0000 2.0000
0.2302 0.0000 4.0000 1.5385 0.0000 0.0000 2.0000
0.2312 0.0000 4.0000 1.5385 0.0000 0.0000 2.0000
0.2322 0.0000 4.0000 1.5385 0.0000 0.0000 2.0000
0.2332 0.0000 4.0000 1.5385 0.0000 0.0000 2.0000
0.2342 0.0000 4.0000 1.5385 0.0000 0.0000 2.0000
0.2352 0.0000 4.0000 1.5385 0.0000 0.0000 2.0000
0.2362 0.0000 4.0000 1.5385 0.0000 0.0000 2.0000
0.2372 0.0000 4.0000 1.5385 0.0000 0.0000 2.0000
0.2382 0.0000 4.0000 1.5385 0.0000 0.0000 2.0000
0.2392 0.0000 4.0000 1.5385 0.0000 0.0000 2.0000
0.2402 0.0000 4.0000 1.5385 0.0000 0.0000 2.0000
0.2412 0.0000 4.0000 1.5385 0.0000 0.0000 2.0000
0.2422 0.0000 4.0000 1.5385 0.0000 0.0000 2.0000
0.2432 0.0000 4.0000 1.5385 0.0000 0.0000 2.0000
0.2442 0.0000 4.0000 1.5385 0.0000 0.0000 2.0000
0.2452 0.0000 4.0000 1.5385 0.0000 0.0000 2.0000
0.2462 0.0000 4.0000 1.5385 0.0000 0.0000 2.0000
0.2472 0.0000 4.0000 1.5385 0.0000 0.0000 2.0000
0.2482 0.0000 4.0000 1.5385 0.0000 0.0000 2.0000
0.2492 0.0000 4.0000 1.5385 0.0000 0.0000 2.0000
0.2503 0.0000 4.0000 1.5385 0.0000 0.0000 2.0000
0.2513 0.0000 4.0000 1.5385 0.0000 0.0000 2.0000
0.2523 0.0000 4.0000 1.5385 0.0000 0.0000 2.0000
0.2533 0.0000 4.0000 1.5385 0.0000 0.0000 2.0000
0.2543 0.0000 4.0000 1.5385 0.0000 0.0000 2.0000
0.2553 0.0000 4.0000 1.5385 0.0000 0.0000 2.0000
0.2563 0.0000 4.0000 1.5385 0.0000 0.0000 2.0000
0.2573 0.0000 4.0000 1.5385 0.0000 0.0000 2.0000
0.2583 0.0000 4.0000 1.5385 0.0000 0.0000 2.0000
0.2593 0.0000 4.0000 1.5385 0.0000 0.0000 2.0000
0.2603 0.0000 4.0000 1.5385 0.0000 0.0000 2.0000
0.2613 0.0000 4.0000 1.5385 0.0000 0.0000 2.0000
0.2623 0.0000 4.0000 1.5385 0.0000 0.0000 2.0000
0.2633 0.0000 4.0000 1.5385 0.0000 0.0000 2.0000
0.2643 0.0000 4.0000 1.5385 0.0000 0.0000 2.0000
0.2653 0.0000 4.0000 1.5385 0.0000 0.0000 2.0000
0.2663 0.0000 4.0000 1.5385 0.0000 0.0000 2.0000
0.2673 0.0000 4.0000 1.5385 0.0000 0.0000 2.0000
0.2683 0.0000 4.0000 1.5385 0.0000 0.0000 2.0000
0.2693 0.0000 4.0000 1.5385 0.0000 0.0000 2.0000
0.2703 0.0000 4.0000 1.5385 0.0000 0.0000 2.0000
0.2713 0.0000 4.0000 1.5385 0.0000 0.0000 2.0000
0.2723 0.0000 4.0000 1.5385 0.0000 0.0000 2.0000
0.2733 0.0000 4.0000 1.5385 0.0000 0.0000 2.0000
0.2743 0.0000 4.0000 1.5385 0.0000 0.0000 2.0000
0.2753 0.0000 4.0000 1.5385 0.0000 0.0000 2.0000
0.2763 0.0000 4.0000 1.5385 0.0000 0.0000 2.0000
0.2773 0.0000 4.0000 1.5385 0.0000 0.0000 2.0000
0.2783 0.0000 4.0000 1.5385 0.0000 0.0000 2.0000
0.2793 0.0000 4.0000 1.5385 0.0000 0.0000 2.0000
0.2803 0.0000 4.0000 1.5385 0.0000 0.0000 2.0000
0.2813 0.0000 4.0000 1.5385 0.0000 0.0000 2.0000
0.2823 0.0000 4.0000 1.5385 0.0000 0.0000 2.0000
0.2833 0.0000 4.0000 1.5385 0.0000 0.0000 2.0000
0.2843 0.0000 4.0000 1.5385 0.0000 0.0000 2.0000
0.2853 0.0000 4.0000 1.5385 0.0000 0.0000 2.0000
0.2863 0.0000 4.0000 1.5385 0.0000 0.0000 2.0000
0.2873 0.0000 4.0000 1.5385 0.0000 0.0000 2.0000
0.2883 0.0000 4.0000 1.5385 0.0000 0.0000 2.0000
0.2893 0.0000 4.0000 1.5385 0.0000 0.0000 2.0000
0.2903 0.0000 4.0000 1.5385 0.0000 0.0000 2.0000
0.2913 0.0000 4.0000 1.5385 0.0000 0.0000 2.0000
0.2923 0.0000 4.0000 1.5385 0.0000 0.0000 2.0000
0.2933 0.0000 4.0000 1.5385 0.0000 0.0000 2.0000
0.2943 0.0000 4.0000 1.5385 0.0000 0.0000 2.0000
0.2953 0.0000 4.0000 1.5385 0.0000 0.0000 2.0000
0.2963 0.0000 4.0000 1.5385 0.0000 0.0000 2.0000
0.2973 0.0000 4.0000 1.5385 0.0000 0.0000 2.0000
0.2983 0.0000 4.0000 1.5385 0.0000 0.0000 2.0000
0.2993 0.0000 4.0000 1.5385 0.0000 0.0000 2.0000
0.3003 0.0000 4.0000 1.5385 0.0000 0.0000 2.0000
0.3013 0.0000 4.0000 1.5385 0.0000 0.0000 2.0000
0.3023 0.0000 4.0000 1.5385 0.0000 0.0000 2.0000
0.3033 0.0000 4.0000 1.5385 0.0000 0.0000 2.0000
0.3043 0.0000 4.0000 1.5385 0.0000 0.0000 2.0000
0.3053 0.0000 4.0000 1.5385 0.0000 0.0000 2.0000
0.3063 0.0000 4.0000 1.5385 0.0000 0.0000 2.0000
0.3073 0.0000 4.0000 1.5385 0.0000 0.0000 2.0000
0.3083 0.0000 4.0000 1.5385 0.0000 0.0000 2.0000
0.3093 0.0000 4.0000 1.5385 0.0000 0.0000 2.0000
0.3103 0.0000 4.0000 1.5385 0.0000 0.0000 2.0000
0.3113 0.0000 4.0000 1.5385 0.0000 0.0000 2.0000
0.3123 0.0000 4.0000 1.5385 0.0000 0.0000 2.0000
0.3133 0.0000 4.0000 1.5385 0.0000 0.0000 2.0000
0.3143 0.0000 4.0000 1.5385 0.0000 0.0000 2.0000
0.3153 0.0000 4.0000 1.5385 0.0000 0.0000 2.0000
0.3163 0.0000 4.0000 1.5385 0.0000 0.0000 2.0000
0.3173 0.0000 4.0000 1.5385 0.0000 0.0000 2.0000
0.3183 0.0000 4.0000 1.5385 0.0000 0.0000 2.0000
0.3193 0.0000 4.0000 1.5385 0.0000 0.0000 2.0000
0.3203 0.0000 4.0000 1.5385 0.0000 0.0000 2.0000
0.3213 0.0000 4.0000 1.5385 0.0000 0.0000 2.0000
0.3223 0.0000 4.0000 1.5385 0.0000 0.0000 2.0000
0.3233 0.0000 4.0000 1.5385 0.0000 0.0000 2.0000
0.3243 0.0000 4.0000 1.5385 0.0000 0.0000 2.0000
0.3253 0.0000 4.0000 1.5385 0.0000 0.0000 2.0000
0.3263 0.0000 4.0000 1.5385 0.0000 0.0000 2.0000
0.3273 0.0000 4.0000 1.5385 0.0000 0.0000 2.0000
0.3283 0.0000 4.0000 1.5385 0.0000 0.0000 2.0000
0.3293 0.0000 4.0000 1.5385 0.0000 0.0000 2.0000
0.3303 0.0000 4.0000 1.5385 0.0000 0.0000 2.0000
0.3313 0.0000 4.0000 1.5385 0.0000 0.0000 2.0000
0.3323 0.0000 4.0000 1.5385 0.0000 0.0000 2.0000
0.3333 0.0000 4.0000 1.5385 0.0000 0.0000 2.0000
0.3343 0.0000 4.0000 1.5385 0.0000 0.0000 2.0000
0.3353 0.0000 4.0000 1.5385 0.0000 0.0000 2.0000
0.3363 0.0000 4.0000 1.5385 0.0000 0.0000 2.0000
0.3373 0.0000 4.0000 1.5385 0.0000 0.0000 2.0000
0.3383 0.0000 4.0000 1.5385 0.0000 0.0000 2.0000
0.3393 0.0000 4.0000 1.5385 0.0000 0.0000 2.0000
0.3403 0.0000 4.0000 1.5385 0.0000 0.0000 2.0000
0.3413 0.0000 4.0000 1.5385 0.0000 0.0000 2.0000
0.3423 0.0000 4.0000 1.5385 0.0000 0.0000 2.0000
0.3433 0.0000 4.0000 1.5385 0.0000 0.0000 2.0000
0.3443 0.0000 4.0000 1.5385 0.0000 0.0000 2.0000
0.3453 0.0000 4.0000 1.5385 0.0000 0.0000 2.0000
0.3463 0.0000 4.0000 1.5385 0.0000 0.0000 2.0000
0.3473 0.0000 4.0000 1.5385 0.0000 0.0000 2.0000
0.3483 0.0000 4.0000 1.5385 0.0000 0.0000 2.0000
0.3493 0.0000 4.0000 1.5385 0.0000 0.0000 2.0000
0.3504 0.0000 4.0000 1.5385 0.0000 0.0000 2.0000
0.3514 0.0000 4.0000 1.5385 0.0000 0.0000 2.0000
0.3524 0.0000 4.0000 1.5385 0.0000 0.0000 2.0000
0.3534 0.0000 4.0000 1.5385 0.0000 0.0000 2.0000
0.3544 0.0000 4.0000 1.5385 0.0000 0.0000 2.0000
0.3554 0.0000 4.0000 1.5385 0.0000 0.0000 2.0000
0.3564 0.0000 4.0000 1.5385 0.0000 0.0000 2.0000
0.3574 0.0000 4.0000 1.5385 0.0000 0.0000 2.0000
0.3584 0.0000 4.0000 1.5385 0.0000 0.0000 2.0000
0.3594 0.0000 4.0000 1.5385 0.0000 0.0000 2.0000
0.3604 0.0000 4.0000 1.5385 0.0000 0.0000 2.0000
0.3614 0.0000 4.0000 1.5385 0.0000 0.0000 2.0000
0.3624 0.0000 4.0000 1.5385 0.0000 0.0000 2.0000
0.3634 0.0000 4.0000 1.5385 0.0000 0.0000 2.0000
0.3644 0.0000 4.0000 1.5385 0.0000 0.0000 2.0000
0.3654 0.0000 4.0000 1.5385 0.0000 0.0000 2.0000
0.3664 0.0000 4.0000 1.5385 0.0000 0.0000 2.0000
0.3674 0.0000 4.0000 1.5385 0.0000 0.0000 2.0000
0.3684 0.0000 4.0000 1.5385 0.0000 0.0000 2.0000
0.3694 0.0000 4.0000 1.5385 0.0000 0.0000 2.0000
0.3704 0.0000 4.0000 1.5385 0.0000 0.0000 2.0000
0.3714 0.0000 4.0000 1.5385 0.0000 0.0000 2.0000
0.3724 0.0000 4.0000 1.5385 0.0000 0.0000 2.0000
0.3734 0.0000 4.0000 1.5385 0.0000 0.0000 2.0000
0.3744 0.0000 4.0000 1.5385 0.0000 0.0000 2.0000
0.3754 0.0000 4.0000 1.5385 0.0000 0.0000 2.0000
0.3764 0.0000 4.0000 1.5385 0.0000 0.0000 2.0000
0.3774 0.0000 4.0000 1.5385 0.0000 0.0000 2.0000
0.3784 0.0000 4.0000 1.5385 0.0000 0.0000 2.0000
0.3794 0.0000 4.0000 1.5385 0.0000 0.0000 2.0000
0.3804 0.0000 4.0000 1.5385 0.0000 0.0000 2.0000
0.3814 0.0000 4.0000 1.5385 0.0000 0.0000 2.0000
0.3824 0.0000 4.0000 1.5385 0.0000 0.0000 2.0000
0.3834 0.0000 4.0000 1.5385 0.0000 0.0000 2.0000
0.3844 0.0000 4.0000 1.5385 0.0000 0.0000 2.0000
0.3854 0.0000 4.0000 1.5385 0.0000 0.0000 2.0000
0.3864 0.0000 4.0000 1.5385 0.0000 0.0000 2.0000
0.3874 0.0000 4.0000 1.5385 0.0000 0.0000 2.0000
0.3884 0.0000 4.0000 1.5385 0.0000 0.0000 2.0000
0.3894 0.0000 4.0000 1.5385 0.0000 0.0000 2.0000
0.3904 0.0000 4.0000 1.5385 0.0000 0.0000 2.0000
0.3914 0.0000 4.0000 1.5385 0.0000 0.0000 2.0000
0.3924 0.0000 4.0000 1.5385 0.0000 0.0000 2.0000
0.3934 0.0000 4.0000 1.5385 0.0000 0.0000 2.0000
0.3944 0.0000 4.0000 1.5385 0.0000 0.0000 2.0000
0.3954 0.0000 4.0000 1.5385 0.0000 0.0000 2.0000
0.3964 0.0000 4.0000 1.5385 0.0000 0.0000 2.0000
0.3974 0.0000 4.0000 1.5385 0.0000 0.0000 2.0000
0.3984 0.0000 4.0000 1.5385 0.0000 0.0000 2.0000
0.3994 0.0000 4.0000 1.5385 0.0000 0.0000 2.0000
0.4004 0.0000 0.0000 1.5385 4.0000 2.2222 2.0000
0.4014 0.0000 0.0000 1.5385 4.0000 2.2222 2.0000
0.4024 0.0000 0.0000 1.5385 4.0000 2.2222 2.0000
0.4034 0.0000 0.0000 1.5385 4.0000 2.2222 2.0000
0.4044 0.0000 0.0000 1.5385 4.0000 2.2222 2.0000
0.4054 0.0000 0.0000 1.5385 4.0000 2.2222 2.0000
0.4064 0.0000 0.0000 1.5385 4.0000 2.2222 2.0000
0.4074 0.0000 0.0000 1.5385 4.0000 2.2222 2.0000
0.4084 0.0000 0.0000 1.5385 4.0000 2.2222 2.0000
0.4094 0.0000 0.0000 1.5385 4.0000 2.2222 2.0000
0.4104 0.0000 0.0000 1.5385 4.0000 2.2222 2.0000
0.4114 0.0000 0.0000 1.5385 4.0000 2.2222 2.0000
0.4124 0.0000 0.0000 1.5385 4.0000 2.2222 2.0000
0.4134 0.0000 0.0000 1.5385 4.0000 2.2222 2.0000
0.4144 0.0000 0.0000 1.5385 4.0000 2.2222 2.0000
0.4154 0.0000 0.0000 1.5385 4.0000 2.2222 2.0000
0.4164 0.0000 0.0000 1.5385 4.0000 2.2222 2.0000
0.4174 0.0000 0.0000 1.5385 4.0000 2.2222 2.0000
0.4184 0.0000 0.0000 1.5385 4.0000 2.2222 2.0000
0.4194 0.0000 0.0000 1.5385 4.0000 2.2222 2.0000
0.4204 0.0000 0.0000 1.5385 4.0000 2.2222 2.0000
0.4214 0.0000 0.0000 1.5385 4.0000 2.2222 2.0000
0.4224 0.0000 0.0000 1.5385 4.0000 2.2222 2.0000
0.4234 0.0000 0.0000 1.5385 4.0000 2.2222 2.0000
0.4244 0.0000 0.0000 1.5385 4.0000 2.2222 2.0000
0.4254 0.0000 0.0000 1.5385 4.0000 2.2222 2.0000
0.4264 0.0000 0.0000 1.5385 4.0000 2.2222 2.0000
0.4274 0.0000 0.0000 1.5385 4.0000 2.2222 2.0000
0.4284 0.0000 0.0000 1.5385 4.0000 2.2222 2.0000
0.4294 0.0000 0.0000 1.5385 4.0000 2.2222 2.0000
0.4304 0.0000 0.0000 1.5385 4.0000 2.2222 2.0000
0.4314 0.0000 0.0000 1.5385 4.0000 2.2222 2.0000
0.4324 0.0000 0.0000 1.5385 4.0000 2.2222 2.0000
0.4334 0.0000 0.0000 1.5385 4.0000 2.2222 2.0000
0.4344 0.0000 0.0000 1.5385 4.0000 2.2222 2.0000
0.4354 0.0000 0.0000 1.5385 4.0000 2.2222 2.0000
0.4364 0.0000 0.0000 1.5385 4.0000 2.2222 2.0000
0.4374 0.0000 0.0000 1.5385 4.0000 2.2222 2.0000
0.4384 0.0000 0.0000 1.5385 4.0000 2.2222 2.0000
0.4394 0.0000 0.0000 1.5385 4.0000 2.2222 2.0000
0.4404 0.0000 0.0000 1.5385 4.0000 2.2222 2.0000
0.4414 0.0000 0.0000 1.5385 4.0000 2.2222 2.0000
0.4424 0.0000 0.0000 1.5385 4.0000 2.2222 2.0000
0.4434 0.0000 0.0000 1.5385 4.0000 2.2222 2.0000
0.4444 0.0000 0.0000 1.5385 4.0000 2.2222 2.0000
0.4454 0.0000 0.0000 1.5385 4.0000 2.2222 2.0000
0.4464 0.0000 0.0000 1.5385 4.0000 2.2222 2.0000
0.4474 0.0000 0.0000 1.5385 4.0000 2.2222 2.0000
0.4484 0.0000 0.0000 1.5385 4.0000 2.2222 2.0000
0.4494 0.0000 0.0000 1.5385 4.0000 2.2222 2.0000
0.4505 0.0000 0.0000 1.5385 4.0000 2.2222 2.0000
0.4515 0.0000 0.0000 1.5385 4.0000 2.2222 2.0000
0.4525 0.0000 0.0000 1.5385 4.0000 2.2222 2.0000
0.4535 0.0000 0.0000 1.5385 4.0000 2.2222 2.0000
0.4545 0.0000 0.0000 1.5385 4.0000 2.2222 2.0000
0.4555 0.0000 0.0000 1.5385 4.0000 2.2222 2.0000
0.4565 0.0000 0.0000 1.5385 4.0000 2.2222 2.0000
0.4575 0.0000 0.0000 1.5385 4.0000 2.2222 2.0000
0.4585 0.0000 0.0000 1.5385 4.0000 2.2222 2.0000
0.4595 0.0000 0.0000 1.5385 4.0000 2.2222 2.0000
0.4605 0.0000 0.0000 1.5385 4.0000 2.2222 2.0000
0.4615 0.0000 0.0000 1.5385 4.0000 2.2222 2.0000
0.4625 0.0000 0.0000 1.5385 4.0000 2.2222 2.0000
0.4635 0.0000 0.0000 1.5385 4.0000 2.2222 2.0000
0.4645 0.0000 0.0000 1.5385 4.0000 2.2222 2.0000
0.4655 0.0000 0.0000 1.5385 4.0000 2.2222 2.0000
0.4665 0.0000 0.0000 1.5385 4.0000 2.2222 2.0000
0.4675 0.0000 0.0000 1.5385 4.0000 2.2222 2.0000
0.4685 0.0000 0.0000 1.5385 4.0000 2.2222 2.0000
0.4695 0.0000 0.0000 1.5385 4.0000 2.2222 2.0000
0.4705 0.0000 0.0000 1.5385 4.0000 2.2222 2.0000
0.4715 0.0000 0.0000 1.5385 4.0000 2.2222 2.0000
0.4725 0.0000 0.0000 1.5385 4.0000 2.2222 2.0000
0.4735 0.0000 0.0000 1.5385 4.0000 2.2222 2.0000
0.4745 0.0000 0.0000 1.5385 4.0000 2.2222 2.0000
0.4755 0.0000 0.0000 1.5385 4.0000 2.2222 2.0000
0.4765 0.0000 0.0000 1.5385 4.0000 2.2222 2.0000
0.4775 0.0000 0.0000 1.5385 4.0000 2.2222 2.0000
0.4785 0.0000 0.0000 1.5385 4.0000 2.2222 2.0000
0.4795 0.0000 0.0000 1.5385 4.0000 2.2222 2.0000
0.4805 0.0000 0.0000 1.5385 4.0000 2.2222 2.0000
0.4815 0.0000 0.0000 1.5385 4.0000 2.2222 2.0000
0.4825 0.0000 0.0000 1.5385 4.0000 2.2222 2.0000
0.4835 0.0000 0.0000 1.5385 4.0000 2.2222 2.0000
0.4845 0.0000 0.0000 1.5385 4.0000 2.2222 2.0000
0.4855 0.0000 0.0000 1.5385 4.0000 2.2222 2.0000
0.4865 0.0000 0.0000 1.5385 4.0000 2.2222 2.0000
0.4875 0.0000 0.0000 1.5385 4.0000 2.2222 2.0000
0.4885 0.0000 0.0000 1.5385 4.0000 2.2222 2.0000
0.4895 0.0000 0.0000 1.5385 4.0000 2.2222 2.0000
0.4905 0.0000 0.0000 1.5385 4.0000 2.2222 2.0000
0.4915 0.0000 0.0000 1.5385 4.0000 2.2222 2.0000
0.4925 0.0000 0.0000 1.5385 4.0000 2.2222 2.0000
0.4935 0.0000 0.0000 1.5385 4.0000 2.2222 2.0000
0.4945 0.0000 0.0000 1.5385 4.0000 2.2222 2.0000
0.4955 0.0000 0.0000 1.5385 4.0000 2.2222 2.0000
0.4965 0.0000 0.0000 1.5385 4.0000 2.2222 2.0000
0.4975 0.0000 0.0000 1.5385 4.0000 2.2222 2.0000
0.4985 0.0000 0.0000 1.5385 4.0000 2.2222 2.0000
0.4995 0.0000 0.0000 1.5385 4.0000 2.2222 2.0000
0.5005 0.0000 0.0000 1.5385 4.0000 2.2222 2.0000
0.5015 0.0000 0.0000 1.5385 4.0000 2.2222 2.0000
0.5025 0.0000 0.0000 1.5385 4.0000 2.2222 2.0000
0.5035 0.0000 0.0000 1.5385 4.0000 2.2222 2.0000
0.5045 0.0000 0.0000 1.5385 4.0000 2.2222 2.0000
0.5055 0.0000 0.0000 1.5385 4.0000 2.2222 2.0000
0.5065 0.0000 0.0000 1.5385 4.0000 2.2222 2.0000
0.5075 0.0000 0.0000 1.5385 4.0000 2.2222 2.0000
0.5085 0.0000 0.0000 1.5385 4.0000 2.2222 2.0000
0.5095 0.0000 0.0000 1.5385 4.0000 2.2222 2.0000
0.5105 0.0000 0.0000 1.5385 4.0000 2.2222 2.0000
0.5115 0.0000 0.0000 1.5385 4.0000 2.2222 2.0000
0.5125 0.0000 0.0000 1.5385 4.0000 2.2222 2.0000
0.5135 0.0000 0.0000 1.5385 4.0000 2.2222 2.0000
0.5145 0.0000 0.0000 1.5385 4.0000 2.2222 2.0000
0.5155 0.0000 0.0000 1.5385 4.0000 2.2222 2.0000
0.5165 0.0000 0.0000 1.5385 4.0000 2.2222 2.0000
0.5175 0.0000 0.0000 1.5385 4.0000 2.2222 2.0000
0.5185 0.0000 0.0000 1.5385 4.0000 2.2222 2.0000
0.5195 0.0000 0.0000 1.5385 4.0000 2.2222 2.0000
0.5205 0.0000 0.0000 1.5385 4.0000 2.2222 2.0000
0.5215 0.0000 0.0000 1.5385 4.0000 2.2222 2.0000
0.5225 0.0000 0.0000 1.5385 4.0000 2.2222 2.0000
0.5235 0.0000 0.0000 1.5385 4.0000 2.2222 2.0000
0.5245 0.0000 0.0000 1.5385 4.0000 2.2222 2.0000
0.5255 0.0000 0.0000 1.5385 4.0000 2.2222 2.0000
0.5265 0.0000 0.0000 1.5385 4.0000 2.2222 2.0000
0.5275 0.0000 0.0000 1.5385 4.0000 2.2222 2.0000
0.5285 0.0000 0.0000 1.5385 4.0000 2.2222 2.0000
0.5295 0.0000 0.0000 1.5385 4.0000 2.2222 2.0000
0.5305 0.0000 0.0000 1.5385 4.0000 2.2222 2.0000
0.5315 0.0000 0.0000 1.5385 4.0000 2.2222 2.0000
0.5325 0.0000 0.0000 1.5385 4.0000 2.2222 2.0000
0.5335 0.0000 0.0000 1.5385 4.0000 2.2222 2.0000
0.5345 0.0000 0.0000 1.5385 4.0000 2.2222 2.0000
0.5355 0.0000 0.0000 1.5385 4.0000 2.2222 2.0000
0.5365 0.0000 0.0000 1.5385 4.0000 2.2222 2.0000
0.5375 0.0000 0.0000 1.5385 4.0000 2.2222 2.0000
0.5385 0.0000 0.0000 1.5385 4.0000 2.2222 2.0000
0.5395 0.0000 0.0000 1.5385 4.0000 2.2222 2.0000
0.5405 0.0000 0.0000 1.5385 4.0000 2.2222 2.0000
0.5415 0.0000 0.0000 1.5385 4.0000 2.2222 2.0000
0.5425 0.0000 0.0000 1.5385 4.0000 2.2222 2.0000
0.5435 0.0000 0.0000 1.5385 4.0000 2.2222 2.0000
0.5445 0.0000 0.0000 1.5385 4.0000 2.2222 2.0000
0.5455 0.0000 0.0000 1.5385 4.0000 2.2222 2.0000
0.5465 0.0000 0.0000 1.5385 4.0000 2.2222 2.0000
0.5475 0.0000 0.0000 1.5385 4.0000 2.2222 2.0000
0.5485 0.0000 0.0000 1.5385 4.0000 2.2222 2.0000
0.5495 0.0000 0.0000 1.5385 4.0000 2.2222 2.0000
0.5506 0.0000 0.0000 1.5385 4.0000 2.2222 2.0000
0.5516 0.0000 0.0000 1.5385 4.0000 2.2222 2.0000
0.5526 0.0000 0.0000 1.5385 4.0000 2.2222 2.0000
0.5536 0.0000 0.0000 1.5385 4.0000 2.2222 2.0000
0.5546 0.0000 0.0000 1.5385 4.0000 2.2222 2.0000
0.5556 0.0000 0.0000 1.5385 4.0000 2.2222 2.0000
0.5566 0.0000 0.0000 1.5385 4.0000 2.2222 2.0000
0.5576 0.0000 0.0000 1.5385 4.0000 2.2222 2.0000
0.5586 0.0000 0.0000 1.5385 4.0000 2.2222 2.0000
0.5596 0.0000 0.0000 1.5385 4.0000 2.2222 2.0000
0.5606 0.0000 0.0000 1.5385 4.0000 2.2222 2.0000
0.5616 0.0000 0.0000 1.5385 4.0000 2.2222 2.0000
0.5626 0.0000 0.0000 1.5385 4.0000 2.2222 2.0000
0.5636 0.0000 0.0000 1.5385 4.0000 2.2222 2.0000
0.5646 0.0000 0.0000 1.5385 4.0000 2.2222 2.0000
0.5656 0.0000 0.0000 1.5385 4.0000 2.2222 2.0000
0.5666 0.0000 0.0000 1.5385 4.0000 2.2222 2.0000
0.5676 0.0000 0.0000 1.5385 4.0000 2.2222 2.0000
0.5686 0.0000 0.0000 1.5385 4.0000 2.2222 2.0000
0.5696 0.0000 0.0000 1.5385 4.0000 2.2222 2.0000
0.5706 0.0000 0.0000 1.5385 4.0000 2.2222 2.0000
0.5716 0.0000 0.0000 1.5385 4.0000 2.2222 2.0000
0.5726 0.0000 0.0000 1.5385 4.0000 2.2222 2.0000
0.5736 0.0000 0.0000 1.5385 4.0000 2.2222 2.0000
0.5746 0.0000 0.0000 1.5385 4.0000 2.2222 2.0000
0.5756 0.0000 0.0000 1.5385 4.0000 2.2222 2.0000
0.5766 0.0000 0.0000 1.5385 4.0000 2.2222 2.0000
0.5776 0.0000 0.0000 1.5385 4.0000 2.2222 2.0000
0.5786 0.0000 0.0000 1.5385 4.0000 2.2222 2.0000
0.5796 0.0000 0.0000 1.5385 4.0000 2.2222 2.0000
0.5806 0.0000 0.0000 1.5385 4.0000 2.2222 2.0000
0.5816 0.0000 0.0000 1.5385 4.0000 2.2222 2.0000
0.5826 0.0000 0.0000 1.5385 4.0000 2.2222 2.0000
0.5836 0.0000 0.0000 1.5385 4.0000 2.2222 2.0000
0.5846 0.0000 0.0000 1.5385 4.0000 2.2222 2.0000
0.5856 0.0000 0.0000 1.5385 4.0000 2.2222 2.0000
0.5866 0.0000 0.0000 1.5385 4.0000 2.2222 2.0000
0.5876 0.0000 0.0000 1.5385 4.0000 2.2222 2.0000
0.5886 0.0000 0.0000 1.5385 4.0000 2.2222 2.0000
0.5896 0.0000 0.0000 1.5385 4.0000 2.2222 2.0000
0.5906 0.0000 0.0000 1.5385 4.0000 2.2222 2.0000
0.5916 0.0000 0.0000 1.5385 4.0000 2.2222 2.0000
0.5926 0.0000 0.0000 1.5385 4.0000 2.2222 2.0000
0.5936 0.0000 0.0000 1.5385 4.0000 2.2222 2.0000
0.5946 0.0000 0.0000 1.5385 4.0000 2.2222 2.0000
0.5956 0.0000 0.0000 1.5385 4.0000 2.2222 2.0000
0.5966 0.0000 0.0000 1.5385 4.0000 2.2222 2.0000
0.5976 0.0000 0.0000 1.5385 4.0000 2.2222 2.0000
0.5986 0.0000 0.0000 1.5385 4.0000 2.2222 2.0000
0.5996 0.0000 0.0000 1.5385 4.0000 2.2222 2.0000
0.6006 4.0000 0.0000 1.5385 4.0000 2.2222 2.0000
0.6016 4.0000 0.0000 1.5385 4.0000 2.2222 2.0000
0.6026 4.0000 0.0000 1.5385 4.0000 2.2222 2.0000
0.6036 4.0000 0.0000 1.5385 4.0000 2.2222 2.0000
0.6046 4.0000 0.0000 1.5385 4.0000 2.2222 2.0000
0.6056 4.0000 0.0000 1.5385 4.0000 2.2222 2.0000
0.6066 4.0000 0.0000 1.5385 4.0000 2.2222 2.0000
0.6076 4.0000 0.0000 1.5385 4.0000 2.2222 2.0000
0.6086 4.0000 0.0000 1.5385 4.0000 2.2222 2.0000
0.6096 4.0000 0.0000 1.5385 4.0000 2.2222 2.0000
0.6106 4.0000 0.0000 1.5385 4.0000 2.2222 2.0000
0.6116 4.0000 0.0000 1.5385 4.0000 2.2222 2.0000
0.6126 4.0000 0.0000 1.5385 4.0000 2.2222 2.0000
0.6136 4.0000 0.0000 1.5385 4.0000 2.2222 2.0000
0.6146 4.0000 0.0000 1.5385 4.0000 2.2222 2.0000
0.6156 4.0000 0.0000 1.5385 4.0000 2.2222 2.0000
0.6166 4.0000 0.0000 1.5385 4.0000 2.2222 2.0000
0.6176 4.0000 0.0000 1.5385 4.0000 2.2222 2.0000
0.6186 4.0000 0.0000 1.5385 4.0000 2.2222 2.0000
0.6196 4.0000 0.0000 1.5385 4.0000 2.2222 2.0000
0.6206 4.0000 0.0000 1.5385 4.0000 2.2222 2.0000
0.6216 4.0000 0.0000 1.5385 4.0000 2.2222 2.0000
0.6226 4.0000 0.0000 1.5385 4.0000 2.2222 2.0000
0.6236 4.0000 0.0000 1.5385 4.0000 2.2222 2.0000
0.6246 4.0000 0.0000 1.5385 4.0000 2.2222 2.0000
0.6256 4.0000 0.0000 1.5385 4.0000 2.2222 2.0000
0.6266 4.0000 0.0000 1.5385 4.0000 2.2222 2.0000
0.6276 4.0000 0.0000 1.5385 4.0000 2.2222 2.0000
0.6286 4.0000 0.0000 1.5385 4.0000 2.2222 2.0000
0.6296 4.0000 0.0000 1.5385 4.0000 2.2222 2.0000
0.6306 4.0000 0.0000 1.5385 4.0000 2.2222 2.0000
0.6316 4.0000 0.0000 1.5385 4.0000 2.2222 2.0000
0.6326 4.0000 0.0000 1.5385 4.0000 2.2222 2.0000
0.6336 4.0000 0.0000 1.5385 4.0000 2.2222 2.0000
0.6346 4.0000 0.0000 1.5385 4.0000 2.2222 2.0000
0.6356 4.0000 0.0000 1.5385 4.0000 2.2222 2.0000
0.6366 4.0000 0.0000 1.5385 4.0000 2.2222 2.0000
0.6376 4.0000 0.0000 1.5385 4.0000 2.2222 2.0000
0.6386 4.0000 0.0000 1.5385 4.0000 2.2222 2.0000
0.6396 4.0000 0.0000 1.5385 4.0000 2.2222 2.0000
0.6406 4.0000 0.0000 1.5385 4.0000 2.2222 2.0000
0.6416 4.0000 0.0000 1.5385 4.0000 2.2222 2.0000
0.6426 4.0000 0.0000 1.5385 4.0000 2.2222 2.0000
0.6436 4.0000 0.0000 1.5385 4.0000 2.2222 2.0000
0.6446 4.0000 0.0000 1.5385 4.0000 2.2222 2.0000
0.6456 4.0000 0.0000 1.5385 4.0000 2.2222 2.0000
0.6466 4.0000 0.0000 1.5385 4.0000 2.2222 2.0000
0.6476 4.0000 0.0000 1.5385 4.0000 2.2222 2.0000
0.6486 4.0000 0.0000 1.5385 4.0000 2.2222 2.0000
0.6496 4.0000 0.0000 1.5385 4.0000 2.2222 2.0000
0.6507 4.0000 0.0000 1.5385 0.0000 2.2222 0.0000
0.6517 4.0000 0.0000 1.5385 0.0000 2.2222 0.0000
0.6527 4.0000 0.0000 1.5385 0.0000 2.2222 0.0000
0.6537 4.0000 0.0000 1.5385 0.0000 2.2222 0.0000
0.6547 4.0000 0.0000 1.5385 0.0000 2.2222 0.0000
0.6557 4.0000 0.0000 1.5385 0.0000 2.2222 0.0000
0.6567 4.0000 0.0000 1.5385 0.0000 2.2222 0.0000
0.6577 4.0000 0.0000 1.5385 0.0000 2.2222 0.0000
0.6587 4.0000 0.0000 1.5385 0.0000 2.2222 0.0000
0.6597 4.0000 0.0000 1.5385 0.0000 2.2222 0.0000
0.6607 4.0000 0.0000 1.5385 0.0000 2.2222 0.0000
0.6617 4.0000 0.0000 1.5385 0.0000 2.2222 0.0000
0.6627 4.0000 0.0000 1.5385 0.0000 2.2222 0.0000
0.6637 4.0000 0.0000 1.5385 0.0000 2.2222 0.0000
0.6647 4.0000 0.0000 1.5385 0.0000 2.2222 0.0000
0.6657 4.0000 0.0000 1.5385 0.0000 2.2222 0.0000
0.6667 4.0000 0.0000 1.5385 0.0000 2.2222 0.0000
0.6677 4.0000 0.0000 1.5385 0.0000 2.2222 0.0000
0.6687 4.0000 0.0000 1.5385 0.0000 2.2222 0.0000
0.6697 4.0000 0.0000 1.5385 0.0000 2.2222 0.0000
0.6707 4.0000 0.0000 1.5385 0.0000 2.2222 0.0000
0.6717 4.0000 0.0000 1.5385 0.0000 2.2222 0.0000
0.6727 4.0000 0.0000 1.5385 0.0000 2.2222 0.0000
0.6737 4.0000 0.0000 1.5385 0.0000 2.2222 0.0000
0.6747 4.0000 0.0000 1.5385 0.0000 2.2222 0.0000
0.6757 4.0000 0.0000 1.5385 0.0000 2.2222 0.0000
0.6767 4.0000 0.0000 1.5385 0.0000 2.2222 0.0000
0.6777 4.0000 0.0000 1.5385 0.0000 2.2222 0.0000
0.6787 4.0000 0.0000 1.5385 0.0000 2.2222 0.0000
0.6797 4.0000 0.0000 1.5385 0.0000 2.2222 0.0000
0.6807 4.0000 0.0000 1.5385 0.0000 2.2222 0.0000
0.6817 4.0000 0.0000 1.5385 0.0000 2.2222 0.0000
0.6827 4.0000 0.0000 1.5385 0.0000 2.2222 0.0000
0.6837 4.0000 0.0000 1.5385 0.0000 2.2222 0.0000
0.6847 4.0000 0.0000 1.5385 0.0000 2.2222 0.0000
0.6857 4.0000 0.0000 1.5385 0.0000 2.2222 0.0000
0.6867 4.0000 0.0000 1.5385 0.0000 2.2222 0.0000
0.6877 4.0000 0.0000 1.5385 0.0000 2.2222 0.0000
0.6887 4.0000 0.0000 1.5385 0.0000 2.2222 0.0000
0.6897 4.0000 0.0000 1.5385 0.0000 2.2222 0.0000
0.6907 4.0000 0.0000 1.5385 0.0000 2.2222 0.0000
0.6917 4.0000 0.0000 1.5385 0.0000 2.2222 0.0000
0.6927 4.0000 0.0000 1.5385 0.0000 2.2222 0.0000
0.6937 4.0000 0.0000 1.5385 0.0000 2.2222 0.0000
0.6947 4.0000 0.0000 1.5385 0.0000 2.2222 0.0000
0.6957 4.0000 0.0000 1.5385 0.0000 2.2222 0.0000
0.6967 4.0000 0.0000 1.5385 0.0000 2.2222 0.0000
0.6977 4.0000 0.0000 1.5385 0.0000 2.2222 0.0000
0.6987 4.0000 0.0000 1.5385 0.0000 2.2222 0.0000
0.6997 4.0000 0.0000 1.5385 0.0000 2.2222 0.0000
0.7007 4.0000 0.0000 1.5385 0.0000 2.2222 0.0000
0.7017 4.0000 0.0000 1.5385 0.0000 2.2222 0.0000
0.7027 4.0000 0.0000 1.5385 0.0000 2.2222 0.0000
0.7037 4.0000 0.0000 1.5385 0.0000 2.2222 0.0000
0.7047 4.0000 0.0000 1.5385 0.0000 2.2222 0.0000
0.7057 4.0000 0.0000 1.5385 0.0000 2.2222 0.0000
0.7067 4.0000 0.0000 1.5385 0.0000 2.2222 0.0000
0.7077 4.0000 0.0000 1.5385 0.0000 2.2222 0.0000
0.7087 4.0000 0.0000 1.5385 0.0000 2.2222 0.0000
0.7097 4.0000 0.0000 1.5385 0.0000 2.2222 0.0000
0.7107 4.0000 0.0000 1.5385 0.0000 2.2222 0.0000
0.7117 4.0000 0.0000 1.5385 0.0000 2.2222 0.0000
0.7127 4.0000 0.0000 1.5385 0.0000 2.2222 0.0000
0.7137 4.0000 0.0000 1.5385 0.0000 2.2222 0.0000
0.7147 4.0000 0.0000 1.5385 0.0000 2.2222 0.0000
0.7157 4.0000 0.0000 1.5385 0.0000 2.2222 0.0000
0.7167 4.0000 0.0000 1.5385 0.0000 2.2222 0.0000
0.7177 4.0000 0.0000 1.5385 0.0000 2.2222 0.0000
0.7187 4.0000 0.0000 1.5385 0.0000 2.2222 0.0000
0.7197 4.0000 0.0000 1.5385 0.0000 2.2222 0.0000
0.7207 4.0000 0.0000 1.5385 0.0000 2.2222 0.0000
0.7217 4.0000 0.0000 1.5385 0.0000 2.2222 0.0000
0.7227 4.0000 0.0000 1.5385 0.0000 2.2222 0.0000
0.7237 4.0000 0.0000 1.5385 0.0000 2.2222 0.0000
0.7247 4.0000 0.0000 1.5385 0.0000 2.2222 0.0000
0.7257 4.0000 0.0000 1.5385 0.0000 2.2222 0.0000
0.7267 4.0000 0.0000 1.5385 0.0000 2.2222 0.0000
0.7277 4.0000 0.0000 1.5385 0.0000 2.2222 0.0000
0.7287 4.0000 0.0000 1.5385 0.0000 2.2222 0.0000
0.7297 4.0000 0.0000 1.5385 0.0000 2.2222 0.0000
0.7307 4.0000 0.0000 1.5385 0.0000 2.2222 0.0000
0.7317 4.0000 0.0000 1.5385 0.0000 2.2222 0.0000
0.7327 4.0000 0.0000 1.5385 0.0000 2.2222 0.0000
0.7337 4.0000 0.0000 1.5385 0.0000 2.2222 0.0000
0.7347 4.0000 0.0000 1.5385 0.0000 2.2222 0.0000
0.7357 4.0000 0.0000 1.5385 0.0000 2.2222 0.0000
0.7367 4.0000 0.0000 1.5385 0.0000 2.2222 0.0000
0.7377 4.0000 0.0000 1.5385 0.0000 2.2222 0.0000
0.7387 4.0000 0.0000 1.5385 0.0000 2.2222 0.0000
0.7397 4.0000 0.0000 1.5385 0.0000 2.2222 0.0000
0.7407 4.0000 0.0000 1.5385 0.0000 2.2222 0.0000
0.7417 4.0000 0.0000 1.5385 0.0000 2.2222 0.0000
0.7427 4.0000 0.0000 1.5385 0.0000 2.2222 0.0000
0.7437 4.0000 0.0000 1.5385 0.0000 2.2222 0.0000
0.7447 4.0000 0.0000 1.5385 0.0000 2.2222 0.0000
0.7457 4.0000 0.0000 1.5385 0.0000 2.2222 0.0000
0.7467 4.0000 0.0000 1.5385 0.0000 2.2222 0.0000
0.7477 4.0000 0.0000 1.5385 0.0000 2.2222 0.0000
0.7487 4.0000 0.0000 1.5385 0.0000 2.2222 0.0000
0.7497 4.0000 0.0000 1.5385 0.0000 2.2222 0.0000
0.7508 4.0000 0.0000 1.5385 0.0000 2.2222 0.0000
0.7518 4.0000 0.0000 1.5385 0.0000 2.2222 0.0000
0.7528 4.0000 0.0000 1.5385 0.0000 2.2222 0.0000
0.7538 4.0000 0.0000 1.5385 0.0000 2.2222 0.0000
0.7548 4.0000 0.0000 1.5385 0.0000 2.2222 0.0000
0.7558 4.0000 0.0000 1.5385 0.0000 2.2222 0.0000
0.7568 4.0000 0.0000 1.5385 0.0000 2.2222 0.0000
0.7578 4.0000 0.0000 1.5385 0.0000 2.2222 0.0000
0.7588 4.0000 0.0000 1.5385 0.0000 2.2222 0.0000
0.7598 4.0000 0.0000 1.5385 0.0000 2.2222 0.0000
0.7608 4.0000 0.0000 1.5385 0.0000 2.2222 0.0000
0.7618 4.0000 0.0000 1.5385 0.0000 2.2222 0.0000
0.7628 4.0000 0.0000 1.5385 0.0000 2.2222 0.0000
0.7638 4.0000 0.0000 1.5385 0.0000 2.2222 0.0000
0.7648 4.0000 0.0000 1.5385 0.0000 2.2222 0.0000
0.7658 4.0000 0.0000 1.5385 0.0000 2.2222 0.0000
0.7668 4.0000 0.0000 1.5385 0.0000 2.2222 0.0000
0.7678 4.0000 0.0000 1.5385 0.0000 2.2222 0.0000
0.7688 4.0000 0.0000 1.5385 0.0000 2.2222 0.0000
0.7698 4.0000 0.0000 1.5385 0.0000 2.2222 0.0000
0.7708 4.0000 0.0000 1.5385 0.0000 2.2222 0.0000
0.7718 4.0000 0.0000 1.5385 0.0000 2.2222 0.0000
0.7728 4.0000 0.0000 1.5385 0.0000 2.2222 0.0000
0.7738 4.0000 0.0000 1.5385 0.0000 2.2222 0.0000
0.7748 4.0000 0.0000 1.5385 0.0000 2.2222 0.0000
0.7758 4.0000 0.0000 1.5385 0.0000 2.2222 0.0000
0.7768 4.0000 0.0000 1.5385 0.0000 2.2222 0.0000
0.7778 4.0000 0.0000 1.5385 0.0000 2.2222 0.0000
0.7788 4.0000 0.0000 1.5385 0.0000 2.2222 0.0000
0.7798 4.0000 0.0000 1.5385 0.0000 2.2222 0.0000
0.7808 4.0000 0.0000 1.5385 0.0000 2.2222 0.0000
0.7818 4.0000 0.0000 1.5385 0.0000 2.2222 0.0000
0.7828 4.0000 0.0000 1.5385 0.0000 2.2222 0.0000
0.7838 4.0000 0.0000 1.5385 0.0000 2.2222 0.0000
0.7848 4.0000 0.0000 1.5385 0.0000 2.2222 0.0000
0.7858 4.0000 0.0000 1.5385 0.0000 2.2222 0.0000
0.7868 4.0000 0.0000 1.5385 0.0000 2.2222 0.0000
0.7878 4.0000 0.0000 1.5385 0.0000 2.2222 0.0000
0.7888 4.0000 0.0000 1.5385 0.0000 2.2222 0.0000
0.7898 4.0000 0.0000 1.5385 0.0000 2.2222 0.0000
0.7908 4.0000 0.0000 1.5385 0.0000 2.2222 0.0000
0.7918 4.0000 0.0000 1.5385 0.0000 2.2222 0.0000
0.7928 4.0000 0.0000 1.5385 0.0000 2.2222 0.0000
0.7938 4.0000 0.0000 1.5385 0.0000 2.2222 0.0000
0.7948 4.0000 0.0000 1.5385 0.0000 2.2222 0.0000
0.7958 4.0000 0.0000 1.5385 0.0000 2.2222 0.0000
0.7968 4.0000 0.0000 1.5385 0.0000 2.2222 0.0000
0.7978 4.0000 0.0000 1.5385 0.0000 2.2222 0.0000
0.7988 4.0000 0.0000 1.5385 0.0000 2.2222 0.0000
0.7998 4.0000 0.0000 1.5385 0.0000 2.2222 0.0000
0.8008 4.0000 0.0000 1.5385 0.0000 2.2222 0.0000
0.8018 4.0000 0.0000 1.5385 0.0000 2.2222 0.0000
0.8028 4.0000 0.0000 1.5385 0.0000 2.2222 0.0000
0.8038 4.0000 0.0000 1.5385 0.0000 2.2222 0.0000
0.8048 4.0000 0.0000 1.5385 0.0000 2.2222 0.0000
0.8058 4.0000 0.0000 1.5385 0.0000 2.2222 0.0000
0.8068 4.0000 0.0000 1.5385 0.0000 2.2222 0.0000
0.8078 4.0000 0.0000 1.5385 0.0000 2.2222 0.0000
0.8088 4.0000 0.0000 1.5385 0.0000 2.2222 0.0000
0.8098 4.0000 0.0000 1.5385 0.0000 2.2222 0.0000
0.8108 4.0000 0.0000 1.5385 0.0000 2.2222 0.0000
0.8118 4.0000 0.0000 1.5385 0.0000 2.2222 0.0000
0.8128 4.0000 0.0000 1.5385 0.0000 2.2222 0.0000
0.8138 4.0000 0.0000 1.5385 0.0000 2.2222 0.0000
0.8148 4.0000 0.0000 1.5385 0.0000 2.2222 0.0000
0.8158 4.0000 0.0000 1.5385 0.0000 2.2222 0.0000
0.8168 4.0000 0.0000 1.5385 0.0000 2.2222 0.0000
0.8178 4.0000 0.0000 1.5385 0.0000 2.2222 0.0000
0.8188 4.0000 0.0000 1.5385 0.0000 2.2222 0.0000
0.8198 4.0000 0.0000 1.5385 0.0000 2.2222 0.0000
0.8208 4.0000 0.0000 1.5385 0.0000 2.2222 0.0000
0.8218 4.0000 0.0000 1.5385 0.0000 2.2222 0.0000
0.8228 4.0000 0.0000 1.5385 0.0000 2.2222 0.0000
0.8238 4.0000 0.0000 1.5385 0.0000 2.2222 0.0000
0.8248 4.0000 0.0000 1.5385 0.0000 2.2222 0.0000
0.8258 4.0000 0.0000 1.5385 0.0000 2.2222 0.0000
0.8268 4.0000 0.0000 1.5385 0.0000 2.2222 0.0000
0.8278 4.0000 0.0000 1.5385 0.0000 2.2222 0.0000
0.8288 4.0000 0.0000 1.5385 0.0000 2.2222 0.0000
0.8298 4.0000 0.0000 1.5385 0.0000 2.2222 0.0000
0.8308 4.0000 0.0000 1.5385 0.0000 2.2222 0.0000
0.8318 4.0000 0.0000 1.5385 0.0000 2.2222 0.0000
0.8328 4.0000 0.0000 1.5385 0.0000 2.2222 0.0000
0.8338 4.0000 0.0000 1.5385 0.0000 2.2222 0.0000
0.8348 4.0000 0.0000 1.5385 0.0000 2.2222 0.0000
0.8358 4.0000 0.0000 1.5385 0.0000 2.2222 0.0000
0.8368 4.0000 0.0000 1.5385 0.0000 2.2222 0.0000
0.8378 4.0000 0.0000 1.5385 0.0000 2.2222 0.0000
0.8388 4.0000 0.0000 1.5385 0.0000 2.2222 0.0000
0.8398 4.0000 0.0000 1.5385 0.0000 2.2222 0.0000
0.8408 4.0000 0.0000 1.5385 0.0000 2.2222 0.0000
0.8418 4.0000 0.0000 1.5385 0.0000 2.2222 0.0000
0.8428 4.0000 0.0000 1.5385 0.0000 2.2222 0.0000
0.8438 4.0000 0.0000 1.5385 0.0000 2.2222 0.0000
0.8448 4.0000 0.0000 1.5385 0.0000 2.2222 0.0000
0.8458 4.0000 0.0000 1.5385 0.0000 2.2222 0.0000
0.8468 4.0000 0.0000 1.5385 0.0000 2.2222 0.0000
0.8478 4.0000 0.0000 1.5385 0.0000 2.2222 0.0000
0.8488 4.0000 0.0000 1.5385 0.0000 2.2222 0.0000
0.8498 4.0000 0.0000 1.5385 0.0000 2.2222 0.0000
0.8509 0.0000 0.0000 0.0000 0.0000 0.0000 0.0000
0.8519 0.0000 0.0000 0.0000 0.0000 0.0000 0.0000
0.8529 0.0000 0.0000 0.0000 0.0000 0.0000 0.0000
0.8539 0.0000 0.0000 0.0000 0.0000 0.0000 0.0000
0.8549 0.0000 0.0000 0.0000 0.0000 0.0000 0.0000
0.8559 0.0000 0.0000 0.0000 0.0000 0.0000 0.0000
0.8569 0.0000 0.0000 0.0000 0.0000 0.0000 0.0000
0.8579 0.0000 0.0000 0.0000 0.0000 0.0000 0.0000
0.8589 0.0000 0.0000 0.0000 0.0000 0.0000 0.0000
0.8599 0.0000 0.0000 0.0000 0.0000 0.0000 0.0000
0.8609 0.0000 0.0000 0.0000 0.0000 0.0000 0.0000
0.8619 0.0000 0.0000 0.0000 0.0000 0.0000 0.0000
0.8629 0.0000 0.0000 0.0000 0.0000 0.0000 0.0000
0.8639 0.0000 0.0000 0.0000 0.0000 0.0000 0.0000
0.8649 0.0000 0.0000 0.0000 0.0000 0.0000 0.0000
0.8659 0.0000 0.0000 0.0000 0.0000 0.0000 0.0000
0.8669 0.0000 0.0000 0.0000 0.0000 0.0000 0.0000
0.8679 0.0000 0.0000 0.0000 0.0000 0.0000 0.0000
0.8689 0.0000 0.0000 0.0000 0.0000 0.0000 0.0000
0.8699 0.0000 0.0000 0.0000 0.0000 0.0000 0.0000
0.8709 0.0000 0.0000 0.0000 0.0000 0.0000 0.0000
0.8719 0.0000 0.0000 0.0000 0.0000 0.0000 0.0000
0.8729 0.0000 0.0000 0.0000 0.0000 0.0000 0.0000
0.8739 0.0000 0.0000 0.0000 0.0000 0.0000 0.0000
0.8749 0.0000 0.0000 0.0000 0.0000 0.0000 0.0000
0.8759 0.0000 0.0000 0.0000 0.0000 0.0000 0.0000
0.8769 0.0000 0.0000 0.0000 0.0000 0.0000 0.0000
0.8779 0.0000 0.0000 0.0000 0.0000 0.0000 0.0000
0.8789 0.0000 0.0000 0.0000 0.0000 0.0000 0.0000
0.8799 0.0000 0.0000 0.0000 0.0000 0.0000 0.0000
0.8809 0.0000 0.0000 0.0000 0.0000 0.0000 0.0000
0.8819 0.0000 0.0000 0.0000 0.0000 0.0000 0.0000
0.8829 0.0000 0.0000 0.0000 0.0000 0.0000 0.0000
0.8839 0.0000 0.0000 0.0000 0.0000 0.0000 0.0000
0.8849 0.0000 0.0000 0.0000 0.0000 0.0000 0.0000
0.8859 0.0000 0.0000 0.0000 0.0000 0.0000 0.0000
0.8869 0.0000 0.0000 0.0000 0.0000 0.0000 0.0000
0.8879 0.0000 0.0000 0.0000 0.0000 0.0000 0.0000
0.8889 0.0000 0.0000 0.0000 0.0000 0.0000 0.0000
0.8899 0.0000 0.0000 0.0000 0.0000 0.0000 0.0000
0.8909 0.0000 0.0000 0.0000 0.0000 0.0000 0.0000
0.8919 0.0000 0.0000 0.0000 0.0000 0.0000 0.0000
0.8929 0.0000 0.0000 0.0000 0.0000 0.0000 0.0000
0.8939 0.0000 0.0000 0.0000 0.0000 0.0000 0.0000
0.8949 0.0000 0.0000 0.0000 0.0000 0.0000 0.0000
0.8959 0.0000 0.0000 0.0000 0.0000 0.0000 0.0000
0.8969 0.0000 0.0000 0.0000 0.0000 0.0000 0.0000
0.8979 0.0000 0.0000 0.0000 0.0000 0.0000 0.0000
0.8989 0.0000 0.0000 0.0000 0.0000 0.0000 0.0000
0.8999 0.0000 0.0000 0.0000 0.0000 0.0000 0.0000
0.9009 0.0000 0.0000 0.0000 0.0000 0.0000 0.0000
0.9019 0.0000 0.0000 0.0000 0.0000 0.0000 0.0000
0.9029 0.0000 0.0000 0.0000 0.0000 0.0000 0.0000
0.9039 0.0000 0.0000 0.0000 0.0000 0.0000 0.0000
0.9049 0.0000 0.0000 0.0000 0.0000 0.0000 0.0000
0.9059 0.0000 0.0000 0.0000 0.0000 0.0000 0.0000
0.9069 0.0000 0.0000 0.0000 0.0000 0.0000 0.0000
0.9079 0.0000 0.0000 0.0000 0.0000 0.0000 0.0000
0.9089 0.0000 0.0000 0.0000 0.0000 0.0000 0.0000
0.9099 0.0000 0.0000 0.0000 0.0000 0.0000 0.0000
0.9109 0.0000 0.0000 0.0000 0.0000 0.0000 0.0000
0.9119 0.0000 0.0000 0.0000 0.0000 0.0000 0.0000
0.9129 0.0000 0.0000 0.0000 0.0000 0.0000 0.0000
0.9139 0.0000 0.0000 0.0000 0.0000 0.0000 0.0000
0.9149 0.0000 0.0000 0.0000 0.0000 0.0000 0.0000
0.9159 0.0000 0.0000 0.0000 0.0000 0.0000 0.0000
0.9169 0.0000 0.0000 0.0000 0.0000 0.0000 0.0000
0.9179 0.0000 0.0000 0.0000 0.0000 0.0000 0.0000
0.9189 0.0000 0.0000 0.0000 0.0000 0.0000 0.0000
0.9199 0.0000 0.0000 0.0000 0.0000 0.0000 0.0000
0.9209 0.0000 0.0000 0.0000 0.0000 0.0000 0.0000
0.9219 0.0000 0.0000 0.0000 0.0000 0.0000 0.0000
0.9229 0.0000 0.0000 0.0000 0.0000 0.0000 0.0000
0.9239 0.0000 0.0000 0.0000 0.0000 0.0000 0.0000
0.9249 0.0000 0.0000 0.0000 0.0000 0.0000 0.0000
0.9259 0.0000 0.0000 0.0000 0.0000 0.0000 0.0000
0.9269 0.0000 0.0000 0.0000 0.0000 0.0000 0.0000
0.9279 0.0000 0.0000 0.0000 0.0000 0.0000 0.0000
0.9289 0.0000 0.0000 0.0000 0.0000 0.0000 0.0000
0.9299 0.0000 0.0000 0.0000 0.0000 0.0000 0.0000
0.9309 0.0000 0.0000 0.0000 0.0000 0.0000 0.0000
0.9319 0.0000 0.0000 0.0000 0.0000 0.0000 0.0000
0.9329 0.0000 0.0000 0.0000 0.0000 0.0000 0.0000
0.9339 0.0000 0.0000 0.0000 0.0000 0.0000 0.0000
0.9349 0.0000 0.0000 0.0000 0.0000 0.0000 0.0000
0.9359 0.0000 0.0000 0.0000 0.0000 0.0000 0.0000
0.9369 0.0000 0.0000 0.0000 0.0000 0.0000 0.0000
0.9379 0.0000 0.0000 0.0000 0.0000 0.0000 0.0000
0.9389 0.0000 0.0000 0.0000 0.0000 0.0000 0.0000
0.9399 0.0000 0.0000 0.0000 0.0000 0.0000 0.0000
0.9409 0.0000 0.0000 0.0000 0.0000 0.0000 0.0000
0.9419 0.0000 0.0000 0.0000 0.0000 0.0000 0.0000
0.9429 0.0000 0.0000 0.0000 0.0000 0.0000 0.0000
0.9439 0.0000 0.0000 0.0000 0.0000 0.0000 0.0000
0.9449 0.0000 0.0000 0.0000 0.0000 0.0000 0.0000
0.9459 0.0000 0.0000 0.0000 0.0000 0.0000 0.0000
0.9469 0.0000 0.0000 0.0000 0.0000 0.0000 0.0000
0.9479 0.0000 0.0000 0.0000 0.0000 0.0000 0.0000
0.9489 0.0000 0.0000 0.0000 0.0000 0.0000 0.0000
0.9499 0.0000 0.0000 0.0000 0.0000 0.0000 0.0000
0.9510 0.0000 0.0000 0.0000 0.0000 0.0000 0.0000
0.9520 0.0000 0.0000 0.0000 0.0000 0.0000 0.0000
0.9530 0.0000 0.0000 0.0000 0.0000 0.0000 0.0000
0.9540 0.0000 0.0000 0.0000 0.0000 0.0000 0.0000
0.9550 0.0000 0.0000 0.0000 0.0000 0.0000 0.0000
0.9560 0.0000 0.0000 0.0000 0.0000 0.0000 0.0000
0.9570 0.0000 0.0000 0.0000 0.0000 0.0000 0.0000
0.9580 0.0000 0.0000 0.0000 0.0000 0.0000 0.0000
0.9590 0.0000 0.0000 0.0000 0.0000 0.0000 0.0000
0.9600 0.0000 0.0000 0.0000 0.0000 0.0000 0.0000
0.9610 0.0000 0.0000 0.0000 0.0000 0.0000 0.0000
0.9620 0.0000 0.0000 0.0000 0.0000 0.0000 0.0000
0.9630 0.0000 0.0000 0.0000 0.0000 0.0000 0.0000
0.9640 0.0000 0.0000 0.0000 0.0000 0.0000 0.0000
0.9650 0.0000 0.0000 0.0000 0.0000 0.0000 0.0000
0.9660 0.0000 0.0000 0.0000 0.0000 0.0000 0.0000
0.9670 0.0000 0.0000 0.0000 0.0000 0.0000 0.0000
0.9680 0.0000 0.0000 0.0000 0.0000 0.0000 0.0000
0.9690 0.0000 0.0000 0.0000 0.0000 0.0000 0.0000
0.9700 0.0000 0.0000 0.0000 0.0000 0.0000 0.0000
0.9710 0.0000 0.0000 0.0000 0.0000 0.0000 0.0000
0.9720 0.0000 0.0000 0.0000 0.0000 0.0000 0.0000
0.9730 0.0000 0.0000 0.0000 0.0000 0.0000 0.0000
0.9740 0.0000 0.0000 0.0000 0.0000 0.0000 0.0000
0.9750 0.0000 0.0000 0.0000 0.0000 0.0000 0.0000
0.9760 0.0000 0.0000 0.0000 0.0000 0.0000 0.0000
0.9770 0.0000 0.0000 0.0000 0.0000 0.0000 0.0000
0.9780 0.0000 0.0000 0.0000 0.0000 0.0000 0.0000
0.9790 0.0000 0.0000 0.0000 0.0000 0.0000 0.0000
0.9800 0.0000 0.0000 0.0000 0.0000 0.0000 0.0000
0.9810 0.0000 0.0000 0.0000 0.0000 0.0000 0.0000
0.9820 0.0000 0.0000 0.0000 0.0000 0.0000 0.0000
0.9830 0.0000 0.0000 0.0000 0.0000 0.0000 0.0000
0.9840 0.0000 0.0000 0.0000 0.0000 0.0000 0.0000
0.9850 0.0000 0.0000 0.0000 0.0000 0.0000 0.0000
0.9860 0.0000 0.0000 0.0000 0.0000 0.0000 0.0000
0.9870 0.0000 0.0000 0.0000 0.0000 0.0000 0.0000
0.9880 0.0000 0.0000 0.0000 0.0000 0.0000 0.0000
0.9890 0.0000 0.0000 0.0000 0.0000 0.0000 0.0000
0.9900 0.0000 0.0000 0.0000 0.0000 0.0000 0.0000
0.9910 0.0000 0.0000 0.0000 0.0000 0.0000 0.0000
0.9920 0.0000 0.0000 0.0000 0.0000 0.0000 0.0000
0.9930 0.0000 0.0000 0.0000 0.0000 0.0000 0.0000
0.9940 0.0000 0.0000 0.0000 0.0000 0.0000 0.0000
0.9950 0.0000 0.0000 0.0000 0.0000 0.0000 0.0000
0.9960 0.0000 0.0000 0.0000 0.0000 0.0000 0.0000
0.9970 0.0000 0.0000 0.0000 0.0000 0.0000 0.0000
0.9980 0.0000 0.0000 0.0000 0.0000 0.0000 0.0000
0.9990 0.0000 0.0000 0.0000 0.0000 0.0000 0.0000
1.0000 0.0000 0.0000 0.0000 0.0000 0.0000 0.0000
