s PU1 PA1 PU2 PA2
-0.9000 0.0000 0.0000 0.0000 0.0000
-0.8984 0.0000 0.0000 0.0000 0.0000
-0.8969 0.0000 0.0000 0.0000 0.0000
-0.8953 0.0000 0.0000 0.0000 0.0000
-0.8938 0.0000 0.0000 0.0000 0.0000
-0.8922 0.0000 0.0000 0.0000 0.0000
-0.8907 0.0000 0.0000 0.0000 0.0000
-0.8891 0.0000 0.0000 0.0000 0.0000
-0.8876 0.0000 0.0000 0.0000 0.0000
-0.8860 0.0000 0.0000 0.0000 0.0000
-0.8845 0.0000 0.0000 0.0000 0.0000
-0.8829 0.0000 0.0000 0.0000 0.0000
-0.8814 0.0000 0.0000 0.0000 0.0000
-0.8798 0.0000 0.0000 0.0000 0.0000
-0.8783 0.0000 0.0000 0.0000 0.0000
-0.8767 0.0000 0.0000 0.0000 0.0000
-0.8752 0.0000 0.0000 0.0000 0.0000
-0.8736 0.0000 0.0000 0.0000 0.0000
-0.8721 0.0000 0.0000 0.0000 0.0000
-0.8705 0.0000 0.0000 0.0000 0.0000
-0.8690 0.0000 0.0000 0.0000 0.0000
-0.8674 0.0000 0.0000 0.0000 0.0000
-0.8659 0.0000 0.0000 0.0000 0.0000
-0.8643 0.0000 0.0000 0.0000 0.0000
-0.8628 0.0000 0.0000 0.0000 0.0000
-0.8612 0.0000 0.0000 0.0000 0.0000
-0.8597 0.0000 0.0000 0.0000 0.0000
-0.8581 0.0000 0.0000 0.0000 0.0000
-0.8566 0.0000 0.0000 0.0000 0.0000
-0.8550 0.0000 0.0000 0.0000 0.0000
-0.8535 0.0000 0.0000 0.0000 0.0000
-0.8519 0.0000 0.0000 0.0000 0.0000
-0.8504 0.0000 0.0000 0.0000 0.0000
-0.8488 0.0000 0.0000 0.0000 0.0000
-0.8473 0.0000 0.0000 0.0000 0.0000
-0.8457 0.0000 0.0000 0.0000 0.0000
-0.8442 0.0000 0.0000 0.0000 0.0000
-0.8426 0.0000 0.0000 0.0000 0.0000
-0.8411 0.0000 0.0000 0.0000 0.0000
-0.8395 0.0000 0.0000 0.0000 0.0000
-0.8380 0.0000 0.0000 0.0000 0.0000
-0.8364 0.0000 0.0000 0.0000 0.0000
-0.8349 0.0000 0.0000 0.0000 0.0000
-0.8333 0.0000 0.0000 0.0000 0.0000
-0.8318 0.0000 0.0000 0.0000 0.0000
-0.8302 0.0000 0.0000 0.0000 0.0000
-0.8287 0.0000 0.0000 0.0000 0.0000
-0.8271 0.0000 0.0000 0.0000 0.0000
-0.8256 0.0000 0.0000 0.0000 0.0000
-0.8240 0.0000 0.0000 0.0000 0.0000
-0.8225 0.0000 0.0000 0.0000 0.0000
-0.8209 0.0000 0.0000 0.0000 0.0000
-0.8194 0.0000 0.0000 0.0000 0.0000
-0.8178 0.0000 0.0000 0.0000 0.0000
-0.8163 0.0000 0.0000 0.0000 0.0000
-0.8147 0.0000 0.0000 0.0000 0.0000
-0.8132 0.0000 0.0000 0.0000 0.0000
-0.8116 0.0000 0.0000 0.0000 0.0000
-0.8101 0.0000 0.0000 0.0000 0.0000
-0.8085 0.0000 0.0000 0.0000 0.0000
-0.8070 0.0000 0.0000 0.0000 0.0000
-0.8054 0.0000 0.0000 0.0000 0.0000
-0.8039 0.0000 0.0000 0.0000 0.0000
-0.8023 0.0000 0.0000 0.0000 0.0000
-0.8008 0.0000 0.0000 0.0000 0.0000
-0.7992 0.0000 0.0000 0.0000 0.0000
-0.7976 0.0000 0.0000 0.0000 0.0000
-0.7961 0.0000 0.0000 0.0000 0.0000
-0.7945 0.0000 0.0000 0.0000 0.0000
-0.7930 0.0000 0.0000 0.0000 0.0000
-0.7914 0.0000 0.0000 0.0000 0.0000
-0.7899 0.0000 0.0000 0.0000 0.0000
-0.7883 0.0000 0.0000 0.0000 0.0000
-0.7868 0.0000 0.0000 0.0000 0.0000
-0.7852 0.0000 0.0000 0.0000 0.0000
-0.7837 0.0000 0.0000 0.0000 0.0000
-0.7821 0.0000 0.0000 0.0000 0.0000
-0.7806 0.0000 0.0000 0.0000 0.0000
-0.7790 0.0000 0.0000 0.0000 0.0000
-0.7775 0.0000 0.0000 0.0000 0.0000
-0.7759 0.0000 0.0000 0.0000 0.0000
-0.7744 0.0000 0.0000 0.0000 0.0000
-0.7728 0.0000 0.0000 0.0000 0.0000
-0.7713 0.0000 0.0000 0.0000 0.0000
-0.7697 0.0000 0.0000 0.0000 0.0000
-0.7682 0.0000 0.0000 0.0000 0.0000
-0.7666 0.0000 0.0000 0.0000 0.0000
-0.7651 0.0000 0.0000 0.0000 0.0000
-0.7635 0.0000 0.0000 0.0000 0.0000
-0.7620 0.0000 0.0000 0.0000 0.0000
-0.7604 0.0000 0.0000 0.0000 0.0000
-0.7589 0.0000 0.0000 0.0000 0.0000
-0.7573 0.0000 0.0000 0.0000 0.0000
-0.7558 0.0000 0.0000 0.0000 0.0000
-0.7542 0.0000 0.0000 0.0000 0.0000
-0.7527 0.0000 0.0000 0.0000 0.0000
-0.7511 0.0000 0.0000 0.0000 0.0000
-0.7496 0.0000 0.0000 0.0000 0.0000
-0.7480 0.0000 0.0000 0.0000 0.0000
-0.7465 0.0000 0.0000 0.0000 0.0000
-0.7449 0.0000 0.0000 0.0000 0.0000
-0.7434 0.0000 0.0000 0.0000 0.0000
-0.7418 0.0000 0.0000 0.0000 0.0000
-0.7403 0.0000 0.0000 0.0000 0.0000
-0.7387 0.0000 0.0000 0.0000 0.0000
-0.7372 0.0000 0.0000 0.0000 0.0000
-0.7356 0.0000 0.0000 0.0000 0.0000
-0.7341 0.0000 0.0000 0.0000 0.0000
-0.7325 0.0000 0.0000 0.0000 0.0000
-0.7310 0.0000 0.0000 0.0000 0.0000
-0.7294 0.0000 0.0000 0.0000 0.0000
-0.7279 0.0000 0.0000 0.0000 0.0000
-0.7263 0.0000 0.0000 0.0000 0.0000
-0.7248 0.0000 0.0000 0.0000 0.0000
-0.7232 0.0000 0.0000 0.0000 0.0000
-0.7217 0.0000 0.0000 0.0000 0.0000
-0.7201 0.0000 0.0000 0.0000 0.0000
-0.7186 0.0000 0.0000 0.0000 0.0000
-0.7170 0.0000 0.0000 0.0000 0.0000
-0.7155 0.0000 0.0000 0.0000 0.0000
-0.7139 0.0000 0.0000 0.0000 0.0000
-0.7124 0.0000 0.0000 0.0000 0.0000
-0.7108 0.0000 0.0000 0.0000 0.0000
-0.7093 0.0000 0.0000 0.0000 0.0000
-0.7077 0.0000 0.0000 0.0000 0.0000
-0.7062 0.0000 0.0000 0.0000 0.0000
-0.7046 0.0000 0.0000 0.0000 0.0000
-0.7031 0.0000 0.0000 0.0000 0.0000
-0.7015 0.0000 0.0000 0.0000 0.0000
-0.6999 0.0000 0.0000 0.0000 0.0000
-0.6984 0.0000 0.0000 0.0000 0.0000
-0.6968 0.0000 0.0000 0.0000 0.0000
-0.6953 0.0000 0.0000 0.0000 0.0000
-0.6937 0.0000 0.0000 0.0000 0.0000
-0.6922 0.0000 0.0000 0.0000 0.0000
-0.6906 0.0000 0.0000 0.0000 0.0000
-0.6891 0.0000 0.0000 0.0000 0.0000
-0.6875 0.0000 0.0000 0.0000 0.0000
-0.6860 0.0000 0.0000 0.0000 0.0000
-0.6844 0.0000 0.0000 0.0000 0.0000
-0.6829 0.0000 0.0000 0.0000 0.0000
-0.6813 0.0000 0.0000 0.0000 0.0000
-0.6798 0.0000 0.0000 0.0000 0.0000
-0.6782 0.0000 0.0000 0.0000 0.0000
-0.6767 0.0000 0.0000 0.0000 0.0000
-0.6751 0.0000 0.0000 0.0000 0.0000
-0.6736 0.0000 0.0000 0.0000 0.0000
-0.6720 0.0000 0.0000 0.0000 0.0000
-0.6705 0.0000 0.0000 0.0000 0.0000
-0.6689 0.0000 0.0000 0.0000 0.0000
-0.6674 0.0000 0.0000 0.0000 0.0000
-0.6658 0.0000 0.0000 0.0000 0.0000
-0.6643 0.0000 0.0000 0.0000 0.0000
-0.6627 0.0000 0.0000 0.0000 0.0000
-0.6612 0.0000 0.0000 0.0000 0.0000
-0.6596 0.0000 0.0000 0.0000 0.0000
-0.6581 0.0000 0.0000 0.0000 0.0000
-0.6565 0.0000 0.0000 0.0000 0.0000
-0.6550 0.0000 0.0000 0.0000 0.0000
-0.6534 0.0000 0.0000 0.0000 0.0000
-0.6519 0.0000 0.0000 0.0000 0.0000
-0.6503 0.0000 0.0000 0.0000 0.0000
-0.6488 0.0000 0.0000 0.0000 0.0000
-0.6472 0.0000 0.0000 0.0000 0.0000
-0.6457 0.0000 0.0000 0.0000 0.0000
-0.6441 0.0000 0.0000 0.0000 0.0000
-0.6426 0.0000 0.0000 0.0000 0.0000
-0.6410 0.0000 0.0000 0.0000 0.0000
-0.6395 0.0000 0.0000 0.0000 0.0000
-0.6379 0.0000 0.0000 0.0000 0.0000
-0.6364 0.0000 0.0000 0.0000 0.0000
-0.6348 0.0000 0.0000 0.0000 0.0000
-0.6333 0.0000 0.0000 0.0000 0.0000
-0.6317 0.0000 0.0000 0.0000 0.0000
-0.6302 0.0000 0.0000 0.0000 0.0000
-0.6286 0.0000 0.0000 0.0000 0.0000
-0.6271 0.0000 0.0000 0.0000 0.0000
-0.6255 0.0000 0.0000 0.0000 0.0000
-0.6240 0.0000 0.0000 0.0000 0.0000
-0.6224 0.0000 0.0000 0.0000 0.0000
-0.6209 0.0000 0.0000 0.0000 0.0000
-0.6193 0.0000 0.0000 0.0000 0.0000
-0.6178 0.0000 0.0000 0.0000 0.0000
-0.6162 0.0000 0.0000 0.0000 0.0000
-0.6147 0.0000 0.0000 0.0000 0.0000
-0.6131 0.0000 0.0000 0.0000 0.0000
-0.6116 0.0000 0.0000 0.0000 0.0000
-0.6100 0.0000 0.0000 0.0000 0.0000
-0.6085 0.0000 0.0000 0.0000 0.0000
-0.6069 0.0000 0.0000 0.0000 0.0000
-0.6054 0.0000 0.0000 0.0000 0.0000
-0.6038 0.0000 0.0000 0.0000 0.0000
-0.6023 0.0000 0.0000 0.0000 0.0000
-0.6007 0.0000 0.0000 0.0000 0.0000
-0.5991 0.0000 0.0000 0.0000 0.0000
-0.5976 0.0000 0.0000 0.0000 0.0000
-0.5960 0.0000 0.0000 0.0000 0.0000
-0.5945 0.0000 0.0000 0.0000 0.0000
-0.5929 0.0000 0.0000 0.0000 0.0000
-0.5914 0.0000 0.0000 0.0000 0.0000
-0.5898 0.0000 0.0000 0.0000 0.0000
-0.5883 0.0000 0.0000 0.0000 0.0000
-0.5867 0.0000 0.0000 0.0000 0.0000
-0.5852 0.0000 0.0000 0.0000 0.0000
-0.5836 0.0000 0.0000 0.0000 0.0000
-0.5821 0.0000 0.0000 0.0000 0.0000
-0.5805 0.0000 0.0000 0.0000 0.0000
-0.5790 0.0000 0.0000 0.0000 0.0000
-0.5774 0.0000 0.0000 0.0000 0.0000
-0.5759 0.0000 0.0000 0.0000 0.0000
-0.5743 0.0000 0.0000 0.0000 0.0000
-0.5728 0.0000 0.0000 0.0000 0.0000
-0.5712 0.0000 0.0000 0.0000 0.0000
-0.5697 0.0000 0.0000 0.0000 0.0000
-0.5681 0.0000 0.0000 0.0000 0.0000
-0.5666 0.0000 0.0000 0.0000 0.0000
-0.5650 0.0000 0.0000 0.0000 0.0000
-0.5635 0.0000 0.0000 0.0000 0.0000
-0.5619 0.0000 0.0000 0.0000 0.0000
-0.5604 0.0000 0.0000 0.0000 0.0000
-0.5588 0.0000 0.0000 0.0000 0.0000
-0.5573 0.0000 0.0000 0.0000 0.0000
-0.5557 0.0000 0.0000 0.0000 0.0000
-0.5542 0.0000 0.0000 0.0000 0.0000
-0.5526 0.0000 0.0000 0.0000 0.0000
-0.5511 0.0000 0.0000 0.0000 0.0000
-0.5495 0.0000 0.0000 0.0000 0.0000
-0.5480 0.0000 0.0000 0.0000 0.0000
-0.5464 0.0000 0.0000 0.0000 0.0000
-0.5449 0.0000 0.0000 0.0000 0.0000
-0.5433 0.0000 0.0000 0.0000 0.0000
-0.5418 0.0000 0.0000 0.0000 0.0000
-0.5402 0.0000 0.0000 0.0000 0.0000
-0.5387 0.0000 0.0000 0.0000 0.0000
-0.5371 0.0000 0.0000 0.0000 0.0000
-0.5356 0.0000 0.0000 0.0000 0.0000
-0.5340 0.0000 0.0000 0.0000 0.0000
-0.5325 0.0000 0.0000 0.0000 0.0000
-0.5309 0.0000 0.0000 0.0000 0.0000
-0.5294 0.0000 0.0000 0.0000 0.0000
-0.5278 0.0000 0.0000 0.0000 0.0000
-0.5263 0.0000 0.0000 0.0000 0.0000
-0.5247 0.0000 0.0000 0.0000 0.0000
-0.5232 0.0000 0.0000 0.0000 0.0000
-0.5216 0.0000 0.0000 0.0000 0.0000
-0.5201 0.0000 0.0000 0.0000 0.0000
-0.5185 0.0000 0.0000 0.0000 0.0000
-0.5170 0.0000 0.0000 0.0000 0.0000
-0.5154 0.0000 0.0000 0.0000 0.0000
-0.5139 0.0000 0.0000 0.0000 0.0000
-0.5123 0.0000 0.0000 0.0000 0.0000
-0.5108 0.0000 0.0000 0.0000 0.0000
-0.5092 0.0000 0.0000 0.0000 0.0000
-0.5077 0.0000 0.0000 0.0000 0.0000
-0.5061 0.0000 0.0000 0.0000 0.0000
-0.5046 0.0000 0.0000 0.0000 0.0000
-0.5030 0.0000 0.0000 0.0000 0.0000
-0.5015 0.0000 0.0000 0.0000 0.0000
-0.4999 0.0000 0.0000 0.0000 0.0000
-0.4983 0.0000 0.0000 0.0000 0.0000
-0.4968 0.0000 0.0000 0.0000 0.0000
-0.4952 0.0000 0.0000 0.0000 0.0000
-0.4937 0.0000 0.0000 0.0000 0.0000
-0.4921 0.0000 0.0000 0.0000 0.0000
-0.4906 0.0000 0.0000 0.0000 0.0000
-0.4890 0.0000 0.0000 0.0000 0.0000
-0.4875 0.0000 0.0000 0.0000 0.0000
-0.4859 0.0000 0.0000 0.0000 0.0000
-0.4844 0.0000 0.0000 0.0000 0.0000
-0.4828 0.0000 0.0000 0.0000 0.0000
-0.4813 0.0000 0.0000 0.0000 0.0000
-0.4797 0.0000 0.0000 0.0000 0.0000
-0.4782 0.0000 0.0000 0.0000 0.0000
-0.4766 0.0000 0.0000 0.0000 0.0000
-0.4751 0.0000 0.0000 0.0000 0.0000
-0.4735 0.0000 0.0000 0.0000 0.0000
-0.4720 0.0000 0.0000 0.0000 0.0000
-0.4704 0.0000 0.0000 0.0000 0.0000
-0.4689 0.0000 0.0000 0.0000 0.0000
-0.4673 0.0000 0.0000 0.0000 0.0000
-0.4658 0.0000 0.0000 0.0000 0.0000
-0.4642 0.0000 0.0000 0.0000 0.0000
-0.4627 0.0000 0.0000 0.0000 0.0000
-0.4611 0.0000 0.0000 0.0000 0.0000
-0.4596 0.0000 0.0000 0.0000 0.0000
-0.4580 0.0000 0.0000 0.0000 0.0000
-0.4565 0.0000 0.0000 0.0000 0.0000
-0.4549 0.0000 0.0000 0.0000 0.0000
-0.4534 0.0000 0.0000 0.0000 0.0000
-0.4518 0.0000 0.0000 0.0000 0.0000
-0.4503 0.0000 0.0000 0.0000 0.0000
-0.4487 0.0000 0.0000 0.0000 0.0000
-0.4472 0.0000 0.0000 0.0000 0.0000
-0.4456 0.0000 0.0000 0.0000 0.0000
-0.4441 0.0000 0.0000 0.0000 0.0000
-0.4425 0.0000 0.0000 0.0000 0.0000
-0.4410 0.0000 0.0000 0.0000 0.0000
-0.4394 0.0000 0.0000 0.0000 0.0000
-0.4379 0.0000 0.0000 0.0000 0.0000
-0.4363 0.0000 0.0000 0.0000 0.0000
-0.4348 0.0000 0.0000 0.0000 0.0000
-0.4332 0.0000 0.0000 0.0000 0.0000
-0.4317 0.0000 0.0000 0.0000 0.0001
-0.4301 0.0000 0.0000 0.0000 0.0001
-0.4286 0.0000 0.0000 0.0000 0.0001
-0.4270 0.0000 0.0000 0.0000 0.0001
-0.4255 0.0000 0.0000 0.0000 0.0001
-0.4239 0.0000 0.0000 0.0000 0.0001
-0.4224 0.0000 0.0000 0.0000 0.0001
-0.4208 0.0000 0.0000 0.0000 0.0001
-0.4193 0.0000 0.0000 0.0000 0.0001
-0.4177 0.0000 0.0000 0.0000 0.0001
-0.4162 0.0000 0.0000 0.0000 0.0001
-0.4146 0.0000 0.0000 0.0000 0.0001
-0.4131 0.0000 0.0000 0.0000 0.0001
-0.4115 0.0000 0.0000 0.0000 0.0001
-0.4100 0.0000 0.0000 0.0000 0.0001
-0.4084 0.0000 0.0000 0.0000 0.0001
-0.4069 0.0000 0.0000 0.0000 0.0001
-0.4053 0.0000 0.0000 0.0000 0.0001
-0.4038 0.0000 0.0000 0.0000 0.0001
-0.4022 0.0000 0.0000 0.0000 0.0001
-0.4007 0.0000 0.0000 0.0000 0.0001
-0.3991 0.0000 0.0001 0.0000 0.0001
-0.3975 0.0000 0.0001 0.0000 0.0001
-0.3960 0.0000 0.0001 0.0000 0.0001
-0.3944 0.0000 0.0001 0.0000 0.0001
-0.3929 0.0000 0.0001 0.0000 0.0001
-0.3913 0.0000 0.0001 0.0000 0.0001
-0.3898 0.0000 0.0001 0.0000 0.0001
-0.3882 0.0000 0.0001 0.0000 0.0002
-0.3867 0.0000 0.0001 0.0000 0.0002
-0.3851 0.0000 0.0001 0.0000 0.0002
-0.3836 0.0000 0.0001 0.0000 0.0002
-0.3820 0.0000 0.0001 0.0000 0.0002
-0.3805 0.0000 0.0001 0.0000 0.0002
-0.3789 0.0000 0.0001 0.0000 0.0002
-0.3774 0.0000 0.0001 0.0000 0.0002
-0.3758 0.0000 0.0001 0.0000 0.0002
-0.3743 0.0000 0.0001 0.0000 0.0002
-0.3727 0.0000 0.0001 0.0000 0.0002
-0.3712 0.0000 0.0001 0.0000 0.0002
-0.3696 0.0000 0.0001 0.0000 0.0002
-0.3681 0.0000 0.0001 0.0000 0.0002
-0.3665 0.0000 0.0001 0.0000 0.0003
-0.3650 0.0000 0.0001 0.0000 0.0003
-0.3634 0.0000 0.0002 0.0000 0.0003
-0.3619 0.0000 0.0002 0.0000 0.0003
-0.3603 0.0000 0.0002 0.0000 0.0003
-0.3588 0.0000 0.0002 0.0000 0.0003
-0.3572 0.0000 0.0002 0.0000 0.0003
-0.3557 0.0000 0.0002 0.0000 0.0003
-0.3541 0.0000 0.0002 0.0000 0.0003
-0.3526 0.0000 0.0002 0.0000 0.0004
-0.3510 0.0000 0.0002 0.0000 0.0004
-0.3495 0.0000 0.0002 0.0000 0.0004
-0.3479 0.0000 0.0002 0.0000 0.0004
-0.3464 0.0000 0.0002 0.0000 0.0004
-0.3448 0.0000 0.0003 0.0000 0.0004
-0.3433 0.0000 0.0003 0.0000 0.0004
-0.3417 0.0000 0.0003 0.0000 0.0005
-0.3402 0.0000 0.0003 0.0000 0.0005
-0.3386 0.0000 0.0003 0.0000 0.0005
-0.3371 0.0000 0.0003 0.0000 0.0005
-0.3355 0.0000 0.0003 0.0000 0.0005
-0.3340 0.0000 0.0004 0.0000 0.0005
-0.3324 0.0000 0.0004 0.0000 0.0006
-0.3309 0.0000 0.0004 0.0000 0.0006
-0.3293 0.0000 0.0004 0.0000 0.0006
-0.3278 0.0000 0.0004 0.0000 0.0006
-0.3262 0.0000 0.0004 0.0000 0.0006
-0.3247 0.0000 0.0005 0.0000 0.0007
-0.3231 0.0000 0.0005 0.0000 0.0007
-0.3216 0.0000 0.0005 0.0000 0.0007
-0.3200 0.0000 0.0005 0.0000 0.0007
-0.3185 0.0000 0.0005 0.0000 0.0008
-0.3169 0.0000 0.0006 0.0000 0.0008
-0.3154 0.0000 0.0006 0.0000 0.0008
-0.3138 0.0000 0.0006 0.0000 0.0009
-0.3123 0.0000 0.0006 0.0000 0.0009
-0.3107 0.0000 0.0007 0.0000 0.0009
-0.3092 0.0000 0.0007 0.0000 0.0009
-0.3076 0.0000 0.0007 0.0000 0.0010
-0.3061 0.0000 0.0008 0.0000 0.0010
-0.3045 0.0000 0.0008 0.0000 0.0010
-0.3030 0.0000 0.0008 0.0000 0.0011
-0.3014 0.0000 0.0009 0.0000 0.0011
-0.2998 0.0000 0.0009 0.0000 0.0012
-0.2983 0.0000 0.0009 0.0000 0.0012
-0.2967 0.0000 0.0010 0.0000 0.0012
-0.2952 0.0000 0.0010 0.0000 0.0013
-0.2936 0.0000 0.0011 0.0000 0.0013
-0.2921 0.0000 0.0011 0.0000 0.0014
-0.2905 0.0000 0.0011 0.0000 0.0014
-0.2890 0.0000 0.0012 0.0000 0.0015
-0.2874 0.0000 0.0012 0.0000 0.0015
-0.2859 0.0000 0.0013 0.0000 0.0016
-0.2843 0.0000 0.0013 0.0000 0.0016
-0.2828 0.0000 0.0014 0.0000 0.0017
-0.2812 0.0000 0.0015 0.0000 0.0017
-0.2797 0.0000 0.0015 0.0000 0.0018
-0.2781 0.0000 0.0016 0.0000 0.0018
-0.2766 0.0000 0.0016 0.0000 0.0019
-0.2750 0.0000 0.0017 0.0000 0.0020
-0.2735 0.0000 0.0018 0.0000 0.0020
-0.2719 0.0000 0.0019 0.0000 0.0021
-0.2704 0.0000 0.0019 0.0000 0.0022
-0.2688 0.0000 0.0020 0.0000 0.0022
-0.2673 0.0000 0.0021 0.0000 0.0023
-0.2657 0.0000 0.0022 0.0000 0.0024
-0.2642 0.0000 0.0023 0.0000 0.0024
-0.2626 0.0000 0.0023 0.0000 0.0025
-0.2611 0.0000 0.0024 0.0000 0.0026
-0.2595 0.0000 0.0025 0.0000 0.0027
-0.2580 0.0000 0.0026 0.0000 0.0028
-0.2564 0.0000 0.0027 0.0000 0.0029
-0.2549 0.0000 0.0028 0.0000 0.0030
-0.2533 0.0000 0.0030 0.0000 0.0031
-0.2518 0.0000 0.0031 0.0000 0.0032
-0.2502 0.0000 0.0032 0.0000 0.0033
-0.2487 0.0000 0.0033 0.0000 0.0034
-0.2471 0.0000 0.0034 0.0000 0.0035
-0.2456 0.0000 0.0036 0.0000 0.0036
-0.2440 0.0000 0.0037 0.0000 0.0037
-0.2425 0.0000 0.0038 0.0000 0.0038
-0.2409 0.0000 0.0040 0.0000 0.0039
-0.2394 0.0000 0.0041 0.0000 0.0040
-0.2378 0.0000 0.0043 0.0000 0.0042
-0.2363 0.0000 0.0045 0.0000 0.0043
-0.2347 0.0000 0.0046 0.0000 0.0044
-0.2332 0.0000 0.0048 0.0000 0.0046
-0.2316 0.0000 0.0050 0.0000 0.0047
-0.2301 0.0000 0.0052 0.0000 0.0048
-0.2285 0.0000 0.0054 0.0000 0.0050
-0.2270 0.0000 0.0056 0.0000 0.0051
-0.2254 0.0000 0.0058 0.0000 0.0053
-0.2239 0.0000 0.0060 0.0000 0.0055
-0.2223 0.0000 0.0062 0.0000 0.0056
-0.2208 0.0000 0.0064 0.0000 0.0058
-0.2192 0.0000 0.0067 0.0000 0.0060
-0.2177 0.0000 0.0069 0.0000 0.0061
-0.2161 0.0000 0.0071 0.0000 0.0063
-0.2146 0.0000 0.0074 0.0000 0.0065
-0.2130 0.0000 0.0077 0.0000 0.0067
-0.2115 0.0000 0.0079 0.0000 0.0069
-0.2099 0.0000 0.0082 0.0000 0.0071
-0.2084 0.0000 0.0085 0.0000 0.0073
-0.2068 0.0000 0.0088 0.0000 0.0075
-0.2053 0.0000 0.0091 0.0000 0.0078
-0.2037 0.0000 0.0095 0.0000 0.0080
-0.2022 0.0000 0.0098 0.0000 0.0082
-0.2006 0.0000 0.0101 0.0000 0.0085
-0.1990 0.0000 0.0105 0.0000 0.0087
-0.1975 0.0000 0.0109 0.0000 0.0090
-0.1959 0.0000 0.0112 0.0000 0.0092
-0.1944 0.0000 0.0116 0.0000 0.0095
-0.1928 0.0000 0.0120 0.0000 0.0098
-0.1913 0.0000 0.0125 0.0000 0.0101
-0.1897 0.0000 0.0129 0.0000 0.0103
-0.1882 0.0000 0.0133 0.0000 0.0106
-0.1866 0.0000 0.0138 0.0000 0.0109
-0.1851 0.0000 0.0142 0.0000 0.0113
-0.1835 0.0000 0.0147 0.0000 0.0116
-0.1820 0.0000 0.0152 0.0000 0.0119
-0.1804 0.0000 0.0157 0.0000 0.0122
-0.1789 0.0000 0.0163 0.0000 0.0126
-0.1773 0.0000 0.0168 0.0000 0.0129
-0.1758 0.0000 0.0174 0.0000 0.0133
-0.1742 0.0000 0.0180 0.0000 0.0137
-0.1727 0.0000 0.0186 0.0000 0.0140
-0.1711 0.0000 0.0192 0.0000 0.0144
-0.1696 0.0000 0.0198 0.0000 0.0148
-0.1680 0.0000 0.0205 0.0000 0.0152
-0.1665 0.0000 0.0211 0.0000 0.0157
-0.1649 0.0000 0.0218 0.0000 0.0161
-0.1634 0.0000 0.0225 0.0000 0.0165
-0.1618 0.0000 0.0232 0.0000 0.0170
-0.1603 0.0000 0.0240 0.0000 0.0174
-0.1587 0.0000 0.0248 0.0000 0.0179
-0.1572 0.0000 0.0256 0.0000 0.0184
-0.1556 0.0000 0.0264 0.0000 0.0189
-0.1541 0.0000 0.0272 0.0000 0.0194
-0.1525 0.0000 0.0281 0.0000 0.0199
-0.1510 0.0000 0.0290 0.0000 0.0205
-0.1494 0.0000 0.0299 0.0000 0.0210
-0.1479 0.0000 0.0308 0.0000 0.0216
-0.1463 0.0000 0.0318 0.0000 0.0221
-0.1448 0.0000 0.0328 0.0000 0.0227
-0.1432 0.0000 0.0338 0.0000 0.0233
-0.1417 0.0000 0.0348 0.0000 0.0239
-0.1401 0.0000 0.0359 0.0000 0.0246
-0.1386 0.0000 0.0370 0.0000 0.0252
-0.1370 0.0000 0.0382 0.0000 0.0259
-0.1355 0.0000 0.0393 0.0000 0.0265
-0.1339 0.0000 0.0405 0.0000 0.0272
-0.1324 0.0000 0.0418 0.0000 0.0279
-0.1308 0.0000 0.0430 0.0000 0.0287
-0.1293 0.0000 0.0443 0.0000 0.0294
-0.1277 0.0000 0.0456 0.0000 0.0301
-0.1262 0.0000 0.0470 0.0000 0.0309
-0.1246 0.0000 0.0484 0.0000 0.0317
-0.1231 0.0000 0.0498 0.0000 0.0325
-0.1215 0.0000 0.0513 0.0000 0.0333
-0.1200 0.0000 0.0528 0.0000 0.0342
-0.1184 0.0000 0.0544 0.0000 0.0350
-0.1169 0.0000 0.0559 0.0000 0.0359
-0.1153 0.0000 0.0576 0.0000 0.0368
-0.1138 0.0000 0.0592 0.0000 0.0377
-0.1122 0.0000 0.0610 0.0000 0.0387
-0.1107 0.0000 0.0627 0.0000 0.0396
-0.1091 0.0000 0.0645 0.0000 0.0406
-0.1076 0.0000 0.0663 0.0000 0.0416
-0.1060 0.0000 0.0682 0.0000 0.0426
-0.1045 0.0000 0.0702 0.0000 0.0437
-0.1029 0.0000 0.0721 0.0000 0.0447
-0.1014 0.0000 0.0742 0.0000 0.0458
-0.0998 0.0000 0.0762 0.0000 0.0469
-0.0982 0.0000 0.0784 0.0000 0.0481
-0.0967 0.0000 0.0805 0.0000 0.0492
-0.0951 0.0000 0.0828 0.0000 0.0504
-0.0936 0.0000 0.0851 0.0000 0.0516
-0.0920 0.0000 0.0874 0.0000 0.0528
-0.0905 0.0000 0.0898 0.0000 0.0541
-0.0889 0.0000 0.0922 0.0000 0.0554
-0.0874 0.0000 0.0947 0.0000 0.0567
-0.0858 0.0000 0.0973 0.0000 0.0580
-0.0843 0.0000 0.0999 0.0000 0.0594
-0.0827 0.0000 0.1026 0.0000 0.0608
-0.0812 0.0000 0.1053 0.0000 0.0622
-0.0796 0.0000 0.1081 0.0000 0.0636
-0.0781 0.0000 0.1110 0.0000 0.0651
-0.0765 0.0000 0.1139 0.0000 0.0666
-0.0750 0.0000 0.1169 0.0000 0.0682
-0.0734 0.0000 0.1199 0.0000 0.0697
-0.0719 0.0000 0.1231 0.0000 0.0713
-0.0703 0.0000 0.1262 0.0000 0.0730
-0.0688 0.0000 0.1295 0.0000 0.0746
-0.0672 0.0000 0.1328 0.0000 0.0763
-0.0657 0.0000 0.1362 0.0000 0.0780
-0.0641 0.0000 0.1397 0.0000 0.0798
-0.0626 0.0000 0.1432 0.0000 0.0816
-0.0610 0.0000 0.1469 0.0000 0.0834
-0.0595 0.0000 0.1505 0.0000 0.0852
-0.0579 0.0000 0.1543 0.0000 0.0871
-0.0564 0.0000 0.1582 0.0000 0.0891
-0.0548 0.0000 0.1621 0.0000 0.0910
-0.0533 0.0000 0.1661 0.0000 0.0930
-0.0517 0.0000 0.1702 0.0000 0.0951
-0.0502 0.0000 0.1743 0.0000 0.0971
-0.0486 0.0000 0.1786 0.0000 0.0993
-0.0471 0.0000 0.1829 0.0000 0.1014
-0.0455 0.0000 0.1873 0.0000 0.1036
-0.0440 0.0000 0.1918 0.0000 0.1058
-0.0424 0.0000 0.1964 0.0000 0.1081
-0.0409 0.0000 0.2011 0.0000 0.1104
-0.0393 0.0000 0.2059 0.0000 0.1128
-0.0378 0.0000 0.2107 0.0000 0.1151
-0.0362 0.0000 0.2157 0.0000 0.1176
-0.0347 0.0000 0.2207 0.0000 0.1201
-0.0331 0.0000 0.2259 0.0000 0.1226
-0.0316 0.0000 0.2311 0.0000 0.1251
-0.0300 0.0000 0.2364 0.0000 0.1277
-0.0285 0.0000 0.2419 0.0000 0.1304
-0.0269 0.0000 0.2474 0.0000 0.1331
-0.0254 0.0000 0.2530 0.0000 0.1358
-0.0238 0.0000 0.2587 0.0000 0.1386
-0.0223 0.0000 0.2646 0.0000 0.1415
-0.0207 0.0000 0.2705 0.0000 0.1443
-0.0192 0.0000 0.2765 0.0000 0.1473
-0.0176 0.0000 0.2827 0.0000 0.1503
-0.0161 0.0000 0.2889 0.0000 0.1533
-0.0145 0.0000 0.2953 0.0000 0.1564
-0.0130 0.0000 0.3017 0.0000 0.1595
-0.0114 0.0000 0.3083 0.0000 0.1627
-0.0099 0.0000 0.3149 0.0000 0.1659
-0.0083 0.0000 0.3217 0.0000 0.1692
-0.0068 0.0000 0.3286 0.0000 0.1725
-0.0052 0.0000 0.3356 0.0000 0.1759
-0.0037 0.0000 0.3427 0.0000 0.1793
-0.0021 0.0000 0.3500 0.0000 0.1828
-0.0006 0.0000 0.3573 0.0000 0.1864
0.0010 0.0000 0.3648 0.0000 0.1900
0.0026 0.0000 0.3723 0.0000 0.1936
0.0041 0.0000 0.3800 0.0000 0.1973
0.0057 0.0000 0.3878 0.0000 0.2011
0.0072 0.0000 0.3958 0.0000 0.2049
0.0088 0.0000 0.4038 0.0000 0.2088
0.0103 0.0000 0.4120 0.0000 0.2127
0.0119 0.0000 0.4203 0.0000 0.2167
0.0134 0.0000 0.4287 0.0000 0.2208
0.0150 0.0000 0.4372 0.0000 0.2249
0.0165 0.0000 0.4459 0.0000 0.2291
0.0181 0.0000 0.4546 0.0000 0.2333
0.0196 0.0000 0.4635 0.0000 0.2376
0.0212 0.0000 0.4725 0.0000 0.2420
0.0227 0.0000 0.4817 0.0000 0.2464
0.0243 0.0000 0.4910 0.0000 0.2509
0.0258 0.0000 0.5003 0.0000 0.2554
0.0274 0.0000 0.5099 0.0000 0.2600
0.0289 0.0000 0.5195 0.0000 0.2647
0.0305 0.0000 0.5293 0.0000 0.2694
0.0320 0.0000 0.5392 0.0000 0.2742
0.0336 0.0000 0.5492 0.0000 0.2791
0.0351 0.0000 0.5593 0.0000 0.2840
0.0367 0.0000 0.5696 0.0000 0.2890
0.0382 0.0000 0.5800 0.0000 0.2941
0.0398 0.0000 0.5905 0.0000 0.2992
0.0413 0.0000 0.6012 0.0000 0.3044
0.0429 0.0000 0.6120 0.0000 0.3096
0.0444 0.0000 0.6229 0.0000 0.3150
0.0460 0.0000 0.6339 0.0000 0.3204
0.0475 0.0000 0.6451 0.0000 0.3258
0.0491 0.0000 0.6564 0.0000 0.3313
0.0506 0.0000 0.6678 0.0000 0.3369
0.0522 0.0000 0.6793 0.0000 0.3426
0.0537 0.0000 0.6910 0.0000 0.3484
0.0553 0.0000 0.7028 0.0000 0.3542
0.0568 0.0000 0.7147 0.0000 0.3600
0.0584 0.0000 0.7268 0.0000 0.3660
0.0599 0.0000 0.7389 0.0000 0.3720
0.0615 0.0000 0.7512 0.0000 0.3781
0.0630 0.0000 0.7636 0.0000 0.3843
0.0646 0.0000 0.7762 0.0000 0.3905
0.0661 0.0000 0.7888 0.0000 0.3968
0.0677 0.0000 0.8016 0.0000 0.4032
0.0692 0.0000 0.8145 0.0000 0.4096
0.0708 0.0000 0.8275 0.0000 0.4162
0.0723 0.0000 0.8406 0.0000 0.4227
0.0739 0.0000 0.8539 0.0000 0.4294
0.0754 0.0000 0.8672 0.0000 0.4362
0.0770 0.0000 0.8807 0.0000 0.4430
0.0785 0.0000 0.8943 0.0000 0.4498
0.0801 0.0000 0.9080 0.0001 0.4568
0.0816 0.0000 0.9218 0.0001 0.4638
0.0832 0.0000 0.9358 0.0001 0.4709
0.0847 0.0000 0.9498 0.0001 0.4781
0.0863 0.0000 0.9639 0.0001 0.4854
0.0878 0.0000 0.9782 0.0001 0.4927
0.0894 0.0000 0.9926 0.0001 0.5001
0.0909 0.0000 1.0070 0.0001 0.5076
0.0925 0.0000 1.0216 0.0001 0.5151
0.0940 0.0000 1.0362 0.0001 0.5227
0.0956 0.0000 1.0510 0.0001 0.5304
0.0971 0.0000 1.0658 0.0001 0.5382
0.0987 0.0000 1.0808 0.0001 0.5460
0.1003 0.0000 1.0958 0.0001 0.5539
0.1018 0.0000 1.1110 0.0001 0.5619
0.1034 0.0000 1.1262 0.0001 0.5700
0.1049 0.0000 1.1415 0.0001 0.5781
0.1065 0.0000 1.1569 0.0001 0.5863
0.1080 0.0000 1.1724 0.0001 0.5946
0.1096 0.0000 1.1879 0.0001 0.6029
0.1111 0.0000 1.2035 0.0001 0.6113
0.1127 0.0000 1.2192 0.0001 0.6198
0.1142 0.0000 1.2350 0.0001 0.6284
0.1158 0.0000 1.2509 0.0001 0.6370
0.1173 0.0000 1.2668 0.0001 0.6457
0.1189 0.0000 1.2828 0.0001 0.6545
0.1204 0.0000 1.2988 0.0001 0.6633
0.1220 0.0000 1.3149 0.0001 0.6722
0.1235 0.0000 1.3311 0.0001 0.6812
0.1251 0.0000 1.3473 0.0001 0.6903
0.1266 0.0000 1.3636 0.0001 0.6994
0.1282 0.0000 1.3799 0.0001 0.7086
0.1297 0.0000 1.3963 0.0002 0.7178
0.1313 0.0000 1.4127 0.0002 0.7272
0.1328 0.0000 1.4291 0.0002 0.7365
0.1344 0.0000 1.4456 0.0002 0.7460
0.1359 0.0000 1.4621 0.0002 0.7555
0.1375 0.0000 1.4787 0.0002 0.7651
0.1390 0.0000 1.4953 0.0002 0.7747
0.1406 0.0000 1.5119 0.0002 0.7844
0.1421 0.0000 1.5285 0.0002 0.7942
0.1437 0.0000 1.5451 0.0002 0.8041
0.1452 0.0000 1.5618 0.0002 0.8139
0.1468 0.0000 1.5784 0.0002 0.8239
0.1483 0.0000 1.5951 0.0002 0.8339
0.1499 0.0000 1.6118 0.0002 0.8440
0.1514 0.0000 1.6285 0.0002 0.8541
0.1530 0.0000 1.6451 0.0003 0.8643
0.1545 0.0000 1.6618 0.0003 0.8746
0.1561 0.0000 1.6785 0.0003 0.8849
0.1576 0.0000 1.6951 0.0003 0.8952
0.1592 0.0000 1.7117 0.0003 0.9056
0.1607 0.0000 1.7283 0.0003 0.9161
0.1623 0.0000 1.7449 0.0003 0.9266
0.1638 0.0000 1.7615 0.0003 0.9372
0.1654 0.0000 1.7780 0.0003 0.9478
0.1669 0.0000 1.7945 0.0003 0.9585
0.1685 0.0000 1.8109 0.0004 0.9692
0.1700 0.0000 1.8273 0.0004 0.9800
0.1716 0.0000 1.8436 0.0004 0.9908
0.1731 0.0000 1.8599 0.0004 1.0016
0.1747 0.0000 1.8761 0.0004 1.0125
0.1762 0.0000 1.8923 0.0004 1.0235
0.1778 0.0000 1.9084 0.0004 1.0344
0.1793 0.0000 1.9245 0.0004 1.0455
0.1809 0.0000 1.9404 0.0005 1.0565
0.1824 0.0000 1.9563 0.0005 1.0676
0.1840 0.0000 1.9721 0.0005 1.0788
0.1855 0.0000 1.9879 0.0005 1.0899
0.1871 0.0000 2.0035 0.0005 1.1011
0.1886 0.0000 2.0190 0.0005 1.1124
0.1902 0.0000 2.0345 0.0005 1.1236
0.1917 0.0000 2.0498 0.0006 1.1349
0.1933 0.0000 2.0651 0.0006 1.1463
0.1948 0.0000 2.0802 0.0006 1.1576
0.1964 0.0000 2.0952 0.0006 1.1690
0.1979 0.0000 2.1101 0.0006 1.1804
0.1995 0.0000 2.1249 0.0007 1.1918
0.2011 0.0000 2.1396 0.0007 1.2033
0.2026 0.0000 2.1541 0.0007 1.2147
0.2042 0.0000 2.1685 0.0007 1.2262
0.2057 0.0000 2.1827 0.0007 1.2377
0.2073 0.0000 2.1969 0.0008 1.2492
0.2088 0.0000 2.2108 0.0008 1.2608
0.2104 0.0000 2.2246 0.0008 1.2723
0.2119 0.0000 2.2383 0.0008 1.2839
0.2135 0.0000 2.2518 0.0009 1.2954
0.2150 0.0000 2.2652 0.0009 1.3070
0.2166 0.0000 2.2784 0.0009 1.3186
0.2181 0.0000 2.2914 0.0010 1.3302
0.2197 0.0000 2.3042 0.0010 1.3417
0.2212 0.0000 2.3169 0.0010 1.3533
0.2228 0.0000 2.3294 0.0010 1.3649
0.2243 0.0000 2.3417 0.0011 1.3765
0.2259 0.0000 2.3538 0.0011 1.3881
0.2274 0.0000 2.3658 0.0011 1.3996
0.2290 0.0000 2.3775 0.0012 1.4112
0.2305 0.0000 2.3890 0.0012 1.4227
0.2321 0.0000 2.4004 0.0013 1.4343
0.2336 0.0000 2.4115 0.0013 1.4458
0.2352 0.0001 2.4224 0.0013 1.4573
0.2367 0.0001 2.4332 0.0014 1.4688
0.2383 0.0001 2.4437 0.0014 1.4802
0.2398 0.0001 2.4540 0.0015 1.4917
0.2414 0.0001 2.4640 0.0015 1.5031
0.2429 0.0001 2.4739 0.0015 1.5145
0.2445 0.0001 2.4835 0.0016 1.5259
0.2460 0.0001 2.4929 0.0016 1.5372
0.2476 0.0001 2.5020 0.0017 1.5485
0.2491 0.0001 2.5110 0.0017 1.5598
0.2507 0.0001 2.5196 0.0018 1.5711
0.2522 0.0001 2.5281 0.0018 1.5823
0.2538 0.0001 2.5363 0.0019 1.5935
0.2553 0.0001 2.5442 0.0019 1.6046
0.2569 0.0001 2.5520 0.0020 1.6157
0.2584 0.0001 2.5594 0.0021 1.6267
0.2600 0.0001 2.5666 0.0021 1.6377
0.2615 0.0001 2.5736 0.0022 1.6487
0.2631 0.0001 2.5803 0.0022 1.6596
0.2646 0.0002 2.5867 0.0023 1.6704
0.2662 0.0002 2.5929 0.0024 1.6812
0.2677 0.0002 2.5988 0.0024 1.6920
0.2693 0.0002 2.6044 0.0025 1.7026
0.2708 0.0002 2.6098 0.0026 1.7133
0.2724 0.0002 2.6149 0.0027 1.7238
0.2739 0.0002 2.6198 0.0027 1.7343
0.2755 0.0002 2.6243 0.0028 1.7448
0.2770 0.0002 2.6286 0.0029 1.7551
0.2786 0.0003 2.6327 0.0030 1.7654
0.2801 0.0003 2.6364 0.0031 1.7756
0.2817 0.0003 2.6399 0.0032 1.7858
0.2832 0.0003 2.6431 0.0032 1.7959
0.2848 0.0003 2.6460 0.0033 1.8059
0.2863 0.0003 2.6486 0.0034 1.8158
0.2879 0.0004 2.6510 0.0035 1.8256
0.2894 0.0004 2.6530 0.0036 1.8354
0.2910 0.0004 2.6548 0.0037 1.8450
0.2925 0.0004 2.6563 0.0038 1.8546
0.2941 0.0005 2.6576 0.0039 1.8641
0.2956 0.0005 2.6585 0.0040 1.8735
0.2972 0.0005 2.6592 0.0042 1.8828
0.2987 0.0005 2.6595 0.0043 1.8920
0.3003 0.0006 2.6596 0.0044 1.9012
0.3019 0.0006 2.6594 0.0045 1.9102
0.3034 0.0006 2.6589 0.0046 1.9191
0.3050 0.0007 2.6582 0.0048 1.9279
0.3065 0.0007 2.6571 0.0049 1.9366
0.3081 0.0007 2.6558 0.0050 1.9453
0.3096 0.0008 2.6542 0.0052 1.9538
0.3112 0.0008 2.6523 0.0053 1.9622
0.3127 0.0009 2.6501 0.0054 1.9705
0.3143 0.0009 2.6476 0.0056 1.9786
0.3158 0.0010 2.6449 0.0057 1.9867
0.3174 0.0010 2.6419 0.0059 1.9946
0.3189 0.0011 2.6386 0.0060 2.0025
0.3205 0.0011 2.6350 0.0062 2.0102
0.3220 0.0012 2.6311 0.0064 2.0178
0.3236 0.0013 2.6270 0.0065 2.0253
0.3251 0.0013 2.6226 0.0067 2.0326
0.3267 0.0014 2.6179 0.0069 2.0398
0.3282 0.0015 2.6130 0.0071 2.0469
0.3298 0.0015 2.6078 0.0073 2.0539
0.3313 0.0016 2.6023 0.0075 2.0607
0.3329 0.0017 2.5965 0.0077 2.0674
0.3344 0.0018 2.5905 0.0079 2.0740
0.3360 0.0019 2.5842 0.0081 2.0805
0.3375 0.0020 2.5777 0.0083 2.0868
0.3391 0.0021 2.5709 0.0085 2.0929
0.3406 0.0022 2.5639 0.0087 2.0990
0.3422 0.0023 2.5566 0.0089 2.1049
0.3437 0.0024 2.5490 0.0092 2.1106
0.3453 0.0025 2.5412 0.0094 2.1162
0.3468 0.0027 2.5331 0.0096 2.1217
0.3484 0.0028 2.5248 0.0099 2.1270
0.3499 0.0029 2.5163 0.0101 2.1322
0.3515 0.0031 2.5075 0.0104 2.1373
0.3530 0.0032 2.4985 0.0107 2.1421
0.3546 0.0034 2.4893 0.0109 2.1469
0.3561 0.0036 2.4798 0.0112 2.1515
0.3577 0.0037 2.4701 0.0115 2.1559
0.3592 0.0039 2.4602 0.0118 2.1602
0.3608 0.0041 2.4500 0.0121 2.1644
0.3623 0.0043 2.4396 0.0124 2.1683
0.3639 0.0045 2.4290 0.0127 2.1722
0.3654 0.0047 2.4182 0.0130 2.1759
0.3670 0.0049 2.4072 0.0133 2.1794
0.3685 0.0052 2.3960 0.0137 2.1827
0.3701 0.0054 2.3846 0.0140 2.1859
0.3716 0.0057 2.3730 0.0143 2.1890
0.3732 0.0060 2.3612 0.0147 2.1919
0.3747 0.0062 2.3492 0.0150 2.1946
0.3763 0.0065 2.3370 0.0154 2.1972
0.3778 0.0068 2.3246 0.0158 2.1996
0.3794 0.0071 2.3120 0.0162 2.2019
0.3809 0.0075 2.2993 0.0166 2.2040
0.3825 0.0078 2.2864 0.0170 2.2059
0.3840 0.0082 2.2733 0.0174 2.2077
0.3856 0.0086 2.2600 0.0178 2.2093
0.3871 0.0089 2.2466 0.0182 2.2107
0.3887 0.0093 2.2330 0.0187 2.2120
0.3902 0.0098 2.2193 0.0191 2.2131
0.3918 0.0102 2.2054 0.0196 2.2140
0.3933 0.0107 2.1914 0.0200 2.2148
0.3949 0.0111 2.1772 0.0205 2.2155
0.3964 0.0116 2.1629 0.0210 2.2159
0.3980 0.0122 2.1485 0.0215 2.2162
0.3995 0.0127 2.1339 0.0220 2.2163
0.4011 0.0133 2.1192 0.0225 2.2163
0.4027 0.0138 2.1044 0.0231 2.2161
0.4042 0.0144 2.0894 0.0236 2.2157
0.4058 0.0151 2.0744 0.0241 2.2152
0.4073 0.0157 2.0592 0.0247 2.2145
0.4089 0.0164 2.0439 0.0253 2.2137
0.4104 0.0171 2.0285 0.0259 2.2126
0.4120 0.0178 2.0130 0.0265 2.2115
0.4135 0.0186 1.9975 0.0271 2.2101
0.4151 0.0194 1.9818 0.0277 2.2086
0.4166 0.0202 1.9660 0.0283 2.2069
0.4182 0.0210 1.9502 0.0290 2.2051
0.4197 0.0219 1.9343 0.0296 2.2031
0.4213 0.0228 1.9183 0.0303 2.2009
0.4228 0.0238 1.9022 0.0310 2.1986
0.4244 0.0248 1.8861 0.0317 2.1961
0.4259 0.0258 1.8699 0.0324 2.1935
0.4275 0.0268 1.8536 0.0331 2.1907
0.4290 0.0279 1.8373 0.0339 2.1877
0.4306 0.0291 1.8209 0.0346 2.1846
0.4321 0.0303 1.8045 0.0354 2.1813
0.4337 0.0315 1.7881 0.0362 2.1779
0.4352 0.0327 1.7716 0.0370 2.1743
0.4368 0.0341 1.7551 0.0378 2.1706
0.4383 0.0354 1.7385 0.0387 2.1667
0.4399 0.0368 1.7219 0.0395 2.1626
0.4414 0.0383 1.7053 0.0404 2.1584
0.4430 0.0398 1.6887 0.0413 2.1541
0.4445 0.0413 1.6720 0.0422 2.1496
0.4461 0.0429 1.6554 0.0431 2.1449
0.4476 0.0446 1.6387 0.0440 2.1401
0.4492 0.0463 1.6220 0.0450 2.1352
0.4507 0.0481 1.6053 0.0459 2.1301
0.4523 0.0499 1.5887 0.0469 2.1248
0.4538 0.0518 1.5720 0.0479 2.1194
0.4554 0.0538 1.5553 0.0489 2.1139
0.4569 0.0558 1.5387 0.0500 2.1082
0.4585 0.0579 1.5220 0.0510 2.1024
0.4600 0.0601 1.5054 0.0521 2.0965
0.4616 0.0623 1.4888 0.0532 2.0904
0.4631 0.0646 1.4723 0.0543 2.0841
0.4647 0.0670 1.4557 0.0555 2.0778
0.4662 0.0695 1.4392 0.0567 2.0713
0.4678 0.0720 1.4228 0.0578 2.0646
0.4693 0.0746 1.4063 0.0590 2.0579
0.4709 0.0773 1.3899 0.0603 2.0510
0.4724 0.0801 1.3736 0.0615 2.0440
0.4740 0.0830 1.3573 0.0628 2.0368
0.4755 0.0859 1.3410 0.0641 2.0295
0.4771 0.0890 1.3248 0.0654 2.0221
0.4786 0.0921 1.3087 0.0667 2.0146
0.4802 0.0954 1.2926 0.0681 2.0070
0.4817 0.0987 1.2766 0.0695 1.9992
0.4833 0.1021 1.2606 0.0709 1.9913
0.4848 0.1057 1.2447 0.0723 1.9833
0.4864 0.1093 1.2289 0.0738 1.9752
0.4879 0.1131 1.2132 0.0752 1.9670
0.4895 0.1169 1.1975 0.0768 1.9587
0.4910 0.1209 1.1819 0.0783 1.9502
0.4926 0.1250 1.1664 0.0798 1.9417
0.4941 0.1291 1.1509 0.0814 1.9330
0.4957 0.1335 1.1356 0.0830 1.9242
0.4972 0.1379 1.1203 0.0847 1.9154
0.4988 0.1425 1.1051 0.0863 1.9064
0.5004 0.1471 1.0900 0.0880 1.8973
0.5019 0.1520 1.0750 0.0897 1.8882
0.5035 0.1569 1.0601 0.0915 1.8789
0.5050 0.1620 1.0453 0.0933 1.8696
0.5066 0.1672 1.0305 0.0951 1.8601
0.5081 0.1725 1.0159 0.0969 1.8506
0.5097 0.1780 1.0014 0.0988 1.8410
0.5112 0.1837 0.9870 0.1007 1.8313
0.5128 0.1895 0.9727 0.1026 1.8215
0.5143 0.1954 0.9585 0.1045 1.8116
0.5159 0.2015 0.9444 0.1065 1.8017
0.5174 0.2077 0.9304 0.1085 1.7916
0.5190 0.2141 0.9165 0.1106 1.7815
0.5205 0.2207 0.9027 0.1127 1.7714
0.5221 0.2274 0.8890 0.1148 1.7611
0.5236 0.2343 0.8755 0.1169 1.7508
0.5252 0.2414 0.8620 0.1191 1.7404
0.5267 0.2486 0.8487 0.1213 1.7299
0.5283 0.2560 0.8355 0.1235 1.7194
0.5298 0.2636 0.8224 0.1258 1.7088
0.5314 0.2713 0.8095 0.1281 1.6982
0.5329 0.2793 0.7966 0.1305 1.6875
0.5345 0.2874 0.7839 0.1329 1.6767
0.5360 0.2957 0.7713 0.1353 1.6659
0.5376 0.3042 0.7588 0.1377 1.6550
0.5391 0.3129 0.7464 0.1402 1.6441
0.5407 0.3218 0.7342 0.1427 1.6331
0.5422 0.3309 0.7221 0.1453 1.6221
0.5438 0.3402 0.7101 0.1479 1.6110
0.5453 0.3497 0.6982 0.1505 1.5999
0.5469 0.3594 0.6865 0.1532 1.5888
0.5484 0.3693 0.6749 0.1559 1.5776
0.5500 0.3794 0.6634 0.1587 1.5664
0.5515 0.3897 0.6520 0.1614 1.5551
0.5531 0.4002 0.6408 0.1643 1.5438
0.5546 0.4110 0.6296 0.1671 1.5325
0.5562 0.4219 0.6187 0.1700 1.5211
0.5577 0.4331 0.6078 0.1730 1.5097
0.5593 0.4445 0.5971 0.1760 1.4983
0.5608 0.4562 0.5865 0.1790 1.4869
0.5624 0.4680 0.5760 0.1821 1.4754
0.5639 0.4801 0.5656 0.1852 1.4640
0.5655 0.4925 0.5554 0.1883 1.4525
0.5670 0.5050 0.5453 0.1915 1.4409
0.5686 0.5178 0.5353 0.1948 1.4294
0.5701 0.5308 0.5255 0.1980 1.4179
0.5717 0.5441 0.5158 0.2014 1.4063
0.5732 0.5576 0.5062 0.2047 1.3948
0.5748 0.5713 0.4967 0.2081 1.3832
0.5763 0.5853 0.4874 0.2116 1.3716
0.5779 0.5995 0.4781 0.2151 1.3600
0.5794 0.6140 0.4690 0.2186 1.3485
0.5810 0.6287 0.4601 0.2222 1.3369
0.5825 0.6436 0.4512 0.2258 1.3253
0.5841 0.6588 0.4425 0.2295 1.3137
0.5856 0.6743 0.4339 0.2332 1.3022
0.5872 0.6900 0.4254 0.2370 1.2906
0.5887 0.7059 0.4170 0.2408 1.2790
0.5903 0.7221 0.4088 0.2447 1.2675
0.5918 0.7385 0.4007 0.2486 1.2559
0.5934 0.7552 0.3927 0.2526 1.2444
0.5949 0.7721 0.3848 0.2566 1.2329
0.5965 0.7893 0.3770 0.2606 1.2214
0.5980 0.8067 0.3694 0.2647 1.2099
0.5996 0.8244 0.3619 0.2689 1.1985
0.6012 0.8423 0.3544 0.2731 1.1870
0.6027 0.8605 0.3471 0.2773 1.1756
0.6043 0.8789 0.3400 0.2816 1.1642
0.6058 0.8975 0.3329 0.2860 1.1528
0.6074 0.9164 0.3259 0.2904 1.1415
0.6089 0.9355 0.3191 0.2948 1.1302
0.6105 0.9549 0.3123 0.2993 1.1189
0.6120 0.9745 0.3057 0.3038 1.1076
0.6136 0.9944 0.2992 0.3084 1.0964
0.6151 1.0144 0.2928 0.3131 1.0852
0.6167 1.0348 0.2865 0.3178 1.0741
0.6182 1.0553 0.2803 0.3225 1.0630
0.6198 1.0761 0.2742 0.3273 1.0519
0.6213 1.0971 0.2682 0.3322 1.0408
0.6229 1.1183 0.2623 0.3371 1.0298
0.6244 1.1397 0.2565 0.3420 1.0189
0.6260 1.1614 0.2508 0.3470 1.0079
0.6275 1.1833 0.2452 0.3521 0.9971
0.6291 1.2054 0.2398 0.3572 0.9862
0.6306 1.2277 0.2344 0.3624 0.9754
0.6322 1.2501 0.2291 0.3676 0.9647
0.6337 1.2728 0.2239 0.3729 0.9540
0.6353 1.2957 0.2188 0.3782 0.9433
0.6368 1.3188 0.2138 0.3836 0.9328
0.6384 1.3421 0.2089 0.3890 0.9222
0.6399 1.3655 0.2040 0.3945 0.9117
0.6415 1.3892 0.1993 0.4000 0.9013
0.6430 1.4130 0.1946 0.4056 0.8909
0.6446 1.4369 0.1901 0.4112 0.8805
0.6461 1.4611 0.1856 0.4169 0.8703
0.6477 1.4854 0.1812 0.4227 0.8600
0.6492 1.5098 0.1769 0.4285 0.8499
0.6508 1.5344 0.1727 0.4343 0.8398
0.6523 1.5591 0.1686 0.4402 0.8297
0.6539 1.5840 0.1645 0.4462 0.8197
0.6554 1.6090 0.1606 0.4522 0.8098
0.6570 1.6341 0.1567 0.4583 0.7999
0.6585 1.6593 0.1528 0.4644 0.7901
0.6601 1.6846 0.1491 0.4706 0.7804
0.6616 1.7101 0.1454 0.4768 0.7707
0.6632 1.7356 0.1419 0.4831 0.7611
0.6647 1.7612 0.1383 0.4894 0.7515
0.6663 1.7869 0.1349 0.4958 0.7420
0.6678 1.8127 0.1315 0.5022 0.7326
0.6694 1.8385 0.1282 0.5087 0.7232
0.6709 1.8644 0.1250 0.5153 0.7139
0.6725 1.8903 0.1218 0.5219 0.7047
0.6740 1.9163 0.1187 0.5285 0.6956
0.6756 1.9423 0.1157 0.5352 0.6865
0.6771 1.9683 0.1128 0.5420 0.6775
0.6787 1.9944 0.1099 0.5488 0.6685
0.6802 2.0205 0.1070 0.5557 0.6596
0.6818 2.0465 0.1042 0.5626 0.6508
0.6833 2.0726 0.1015 0.5696 0.6421
0.6849 2.0986 0.0989 0.5766 0.6334
0.6864 2.1246 0.0963 0.5836 0.6248
0.6880 2.1505 0.0937 0.5908 0.6163
0.6895 2.1765 0.0913 0.5979 0.6078
0.6911 2.2023 0.0888 0.6052 0.5994
0.6926 2.2281 0.0865 0.6124 0.5911
0.6942 2.2538 0.0842 0.6197 0.5829
0.6957 2.2795 0.0819 0.6271 0.5747
0.6973 2.3050 0.0797 0.6345 0.5666
0.6988 2.3305 0.0775 0.6420 0.5586
0.7004 2.3558 0.0754 0.6495 0.5506
0.7020 2.3810 0.0734 0.6571 0.5427
0.7035 2.4061 0.0714 0.6647 0.5349
0.7051 2.4310 0.0694 0.6724 0.5272
0.7066 2.4558 0.0675 0.6801 0.5195
0.7082 2.4804 0.0656 0.6879 0.5119
0.7097 2.5048 0.0638 0.6957 0.5044
0.7113 2.5291 0.0620 0.7035 0.4970
0.7128 2.5532 0.0603 0.7114 0.4896
0.7144 2.5771 0.0586 0.7194 0.4823
0.7159 2.6007 0.0569 0.7273 0.4751
0.7175 2.6242 0.0553 0.7354 0.4680
0.7190 2.6474 0.0538 0.7435 0.4609
0.7206 2.6703 0.0522 0.7516 0.4539
0.7221 2.6931 0.0507 0.7597 0.4470
0.7237 2.7155 0.0493 0.7679 0.4401
0.7252 2.7377 0.0478 0.7762 0.4333
0.7268 2.7596 0.0465 0.7845 0.4266
0.7283 2.7812 0.0451 0.7928 0.4200
0.7299 2.8025 0.0438 0.8012 0.4134
0.7314 2.8236 0.0425 0.8096 0.4069
0.7330 2.8443 0.0413 0.8180 0.4005
0.7345 2.8646 0.0401 0.8265 0.3942
0.7361 2.8847 0.0389 0.8351 0.3879
0.7376 2.9043 0.0377 0.8436 0.3817
0.7392 2.9237 0.0366 0.8522 0.3755
0.7407 2.9426 0.0355 0.8609 0.3695
0.7423 2.9612 0.0344 0.8695 0.3635
0.7438 2.9795 0.0334 0.8782 0.3576
0.7454 2.9973 0.0324 0.8870 0.3517
0.7469 3.0147 0.0314 0.8957 0.3459
0.7485 3.0318 0.0305 0.9046 0.3402
0.7500 3.0484 0.0295 0.9134 0.3346
0.7516 3.0646 0.0286 0.9223 0.3290
0.7531 3.0803 0.0277 0.9312 0.3235
0.7547 3.0957 0.0269 0.9401 0.3181
0.7562 3.1105 0.0261 0.9490 0.3127
0.7578 3.1250 0.0253 0.9580 0.3074
0.7593 3.1390 0.0245 0.9670 0.3022
0.7609 3.1525 0.0237 0.9761 0.2970
0.7624 3.1655 0.0230 0.9851 0.2919
0.7640 3.1781 0.0222 0.9942 0.2869
0.7655 3.1902 0.0215 1.0033 0.2819
0.7671 3.2018 0.0209 1.0125 0.2770
0.7686 3.2129 0.0202 1.0216 0.2722
0.7702 3.2235 0.0196 1.0308 0.2674
0.7717 3.2336 0.0189 1.0400 0.2627
0.7733 3.2432 0.0183 1.0492 0.2581
0.7748 3.2522 0.0177 1.0584 0.2535
0.7764 3.2608 0.0172 1.0677 0.2490
0.7779 3.2688 0.0166 1.0769 0.2445
0.7795 3.2763 0.0161 1.0862 0.2401
0.7810 3.2833 0.0155 1.0955 0.2358
0.7826 3.2897 0.0150 1.1048 0.2315
0.7841 3.2956 0.0145 1.1141 0.2273
0.7857 3.3010 0.0141 1.1235 0.2232
0.7872 3.3058 0.0136 1.1328 0.2191
0.7888 3.3101 0.0132 1.1421 0.2151
0.7903 3.3138 0.0127 1.1515 0.2111
0.7919 3.3169 0.0123 1.1609 0.2072
0.7934 3.3196 0.0119 1.1702 0.2033
0.7950 3.3216 0.0115 1.1796 0.1995
0.7965 3.3231 0.0111 1.1890 0.1958
0.7981 3.3241 0.0107 1.1984 0.1921
0.7996 3.3245 0.0104 1.2077 0.1884
0.8012 3.3244 0.0100 1.2171 0.1849
0.8028 3.3236 0.0097 1.2265 0.1813
0.8043 3.3224 0.0093 1.2359 0.1779
0.8059 3.3206 0.0090 1.2452 0.1745
0.8074 3.3182 0.0087 1.2546 0.1711
0.8090 3.3153 0.0084 1.2640 0.1678
0.8105 3.3118 0.0081 1.2733 0.1645
0.8121 3.3078 0.0078 1.2827 0.1613
0.8136 3.3032 0.0076 1.2920 0.1582
0.8152 3.2981 0.0073 1.3014 0.1551
0.8167 3.2924 0.0070 1.3107 0.1520
0.8183 3.2863 0.0068 1.3200 0.1490
0.8198 3.2795 0.0066 1.3293 0.1460
0.8214 3.2723 0.0063 1.3386 0.1431
0.8229 3.2645 0.0061 1.3478 0.1403
0.8245 3.2562 0.0059 1.3571 0.1374
0.8260 3.2473 0.0057 1.3663 0.1347
0.8276 3.2380 0.0055 1.3755 0.1320
0.8291 3.2281 0.0053 1.3847 0.1293
0.8307 3.2177 0.0051 1.3939 0.1266
0.8322 3.2068 0.0049 1.4030 0.1241
0.8338 3.1955 0.0047 1.4121 0.1215
0.8353 3.1836 0.0046 1.4212 0.1190
0.8369 3.1713 0.0044 1.4303 0.1166
0.8384 3.1584 0.0042 1.4393 0.1141
0.8400 3.1451 0.0041 1.4483 0.1118
0.8415 3.1314 0.0039 1.4573 0.1094
0.8431 3.1171 0.0038 1.4662 0.1071
0.8446 3.1024 0.0036 1.4751 0.1049
0.8462 3.0873 0.0035 1.4840 0.1027
0.8477 3.0717 0.0034 1.4928 0.1005
0.8493 3.0557 0.0033 1.5016 0.0984
0.8508 3.0393 0.0031 1.5103 0.0963
0.8524 3.0225 0.0030 1.5191 0.0942
0.8539 3.0052 0.0029 1.5277 0.0922
0.8555 2.9876 0.0028 1.5364 0.0902
0.8570 2.9695 0.0027 1.5449 0.0883
0.8586 2.9511 0.0026 1.5535 0.0863
0.8601 2.9323 0.0025 1.5620 0.0845
0.8617 2.9131 0.0024 1.5704 0.0826
0.8632 2.8936 0.0023 1.5788 0.0808
0.8648 2.8737 0.0022 1.5872 0.0790
0.8663 2.8535 0.0021 1.5955 0.0773
0.8679 2.8329 0.0021 1.6037 0.0756
0.8694 2.8121 0.0020 1.6119 0.0739
0.8710 2.7909 0.0019 1.6200 0.0723
0.8725 2.7694 0.0018 1.6281 0.0707
0.8741 2.7476 0.0018 1.6361 0.0691
0.8756 2.7256 0.0017 1.6441 0.0675
0.8772 2.7032 0.0016 1.6520 0.0660
0.8787 2.6806 0.0016 1.6598 0.0645
0.8803 2.6578 0.0015 1.6676 0.0630
0.8818 2.6347 0.0014 1.6753 0.0616
0.8834 2.6113 0.0014 1.6829 0.0602
0.8849 2.5878 0.0013 1.6905 0.0588
0.8865 2.5640 0.0013 1.6980 0.0575
0.8880 2.5400 0.0012 1.7054 0.0561
0.8896 2.5158 0.0012 1.7128 0.0548
0.8911 2.4915 0.0011 1.7201 0.0536
0.8927 2.4669 0.0011 1.7273 0.0523
0.8942 2.4422 0.0010 1.7345 0.0511
0.8958 2.4173 0.0010 1.7415 0.0499
0.8973 2.3923 0.0010 1.7485 0.0487
0.8989 2.3672 0.0009 1.7555 0.0476
0.9005 2.3419 0.0009 1.7623 0.0465
0.9020 2.3165 0.0008 1.7691 0.0454
0.9036 2.2910 0.0008 1.7757 0.0443
0.9051 2.2654 0.0008 1.7823 0.0432
0.9067 2.2397 0.0007 1.7889 0.0422
0.9082 2.2140 0.0007 1.7953 0.0412
0.9098 2.1882 0.0007 1.8016 0.0402
0.9113 2.1623 0.0007 1.8079 0.0392
0.9129 2.1363 0.0006 1.8141 0.0383
0.9144 2.1103 0.0006 1.8202 0.0373
0.9160 2.0843 0.0006 1.8262 0.0364
0.9175 2.0583 0.0006 1.8321 0.0355
0.9191 2.0322 0.0005 1.8379 0.0347
0.9206 2.0062 0.0005 1.8436 0.0338
0.9222 1.9801 0.0005 1.8492 0.0330
0.9237 1.9541 0.0005 1.8548 0.0322
0.9253 1.9280 0.0004 1.8602 0.0314
0.9268 1.9021 0.0004 1.8655 0.0306
0.9284 1.8761 0.0004 1.8708 0.0298
0.9299 1.8502 0.0004 1.8759 0.0291
0.9315 1.8243 0.0004 1.8810 0.0284
0.9330 1.7985 0.0004 1.8859 0.0276
0.9346 1.7728 0.0003 1.8908 0.0269
0.9361 1.7472 0.0003 1.8955 0.0263
0.9377 1.7216 0.0003 1.9002 0.0256
0.9392 1.6961 0.0003 1.9047 0.0249
0.9408 1.6707 0.0003 1.9091 0.0243
0.9423 1.6455 0.0003 1.9135 0.0237
0.9439 1.6203 0.0003 1.9177 0.0231
0.9454 1.5952 0.0003 1.9218 0.0225
0.9470 1.5703 0.0002 1.9258 0.0219
0.9485 1.5455 0.0002 1.9297 0.0213
0.9501 1.5209 0.0002 1.9335 0.0208
0.9516 1.4964 0.0002 1.9372 0.0202
0.9532 1.4720 0.0002 1.9408 0.0197
0.9547 1.4478 0.0002 1.9443 0.0192
0.9563 1.4238 0.0002 1.9476 0.0187
0.9578 1.3999 0.0002 1.9509 0.0182
0.9594 1.3762 0.0002 1.9540 0.0177
0.9609 1.3527 0.0002 1.9570 0.0173
0.9625 1.3293 0.0002 1.9599 0.0168
0.9640 1.3061 0.0001 1.9627 0.0163
0.9656 1.2832 0.0001 1.9654 0.0159
0.9671 1.2604 0.0001 1.9680 0.0155
0.9687 1.2378 0.0001 1.9704 0.0151
0.9702 1.2154 0.0001 1.9727 0.0147
0.9718 1.1932 0.0001 1.9750 0.0143
0.9733 1.1713 0.0001 1.9771 0.0139
0.9749 1.1495 0.0001 1.9790 0.0135
0.9764 1.1280 0.0001 1.9809 0.0131
0.9780 1.1066 0.0001 1.9827 0.0128
0.9795 1.0855 0.0001 1.9843 0.0124
0.9811 1.0647 0.0001 1.9858 0.0121
0.9826 1.0440 0.0001 1.9872 0.0118
0.9842 1.0236 0.0001 1.9885 0.0114
0.9857 1.0034 0.0001 1.9896 0.0111
0.9873 0.9834 0.0001 1.9907 0.0108
0.9888 0.9637 0.0001 1.9916 0.0105
0.9904 0.9442 0.0001 1.9924 0.0102
0.9919 0.9250 0.0001 1.9931 0.0099
0.9935 0.9060 0.0001 1.9937 0.0097
0.9950 0.8872 0.0001 1.9941 0.0094
0.9966 0.8687 0.0001 1.9944 0.0091
0.9981 0.8505 0.0001 1.9946 0.0089
0.9997 0.8324 0.0001 1.9947 0.0086
1.0013 0.8147 0.0000 1.9947 0.0084
1.0028 0.7971 0.0000 1.9945 0.0081
1.0044 0.7798 0.0000 1.9942 0.0079
1.0059 0.7628 0.0000 1.9938 0.0077
1.0075 0.7460 0.0000 1.9933 0.0075
1.0090 0.7295 0.0000 1.9927 0.0072
1.0106 0.7132 0.0000 1.9919 0.0070
1.0121 0.6971 0.0000 1.9911 0.0068
1.0137 0.6813 0.0000 1.9901 0.0066
1.0152 0.6658 0.0000 1.9890 0.0064
1.0168 0.6505 0.0000 1.9877 0.0063
1.0183 0.6354 0.0000 1.9864 0.0061
1.0199 0.6206 0.0000 1.9849 0.0059
1.0214 0.6060 0.0000 1.9833 0.0057
1.0230 0.5917 0.0000 1.9816 0.0056
1.0245 0.5776 0.0000 1.9798 0.0054
1.0261 0.5638 0.0000 1.9778 0.0052
1.0276 0.5501 0.0000 1.9758 0.0051
1.0292 0.5368 0.0000 1.9736 0.0049
1.0307 0.5237 0.0000 1.9713 0.0048
1.0323 0.5108 0.0000 1.9689 0.0046
1.0338 0.4981 0.0000 1.9664 0.0045
1.0354 0.4857 0.0000 1.9638 0.0044
1.0369 0.4735 0.0000 1.9610 0.0042
1.0385 0.4615 0.0000 1.9582 0.0041
1.0400 0.4498 0.0000 1.9552 0.0040
1.0416 0.4383 0.0000 1.9521 0.0039
1.0431 0.4270 0.0000 1.9489 0.0037
1.0447 0.4159 0.0000 1.9456 0.0036
1.0462 0.4051 0.0000 1.9421 0.0035
1.0478 0.3944 0.0000 1.9386 0.0034
1.0493 0.3840 0.0000 1.9350 0.0033
1.0509 0.3738 0.0000 1.9312 0.0032
1.0524 0.3638 0.0000 1.9273 0.0031
1.0540 0.3540 0.0000 1.9234 0.0030
1.0555 0.3444 0.0000 1.9193 0.0029
1.0571 0.3351 0.0000 1.9151 0.0028
1.0586 0.3259 0.0000 1.9108 0.0027
1.0602 0.3169 0.0000 1.9064 0.0027
1.0617 0.3081 0.0000 1.9019 0.0026
1.0633 0.2995 0.0000 1.8973 0.0025
1.0648 0.2911 0.0000 1.8926 0.0024
1.0664 0.2829 0.0000 1.8878 0.0023
1.0679 0.2749 0.0000 1.8829 0.0023
1.0695 0.2671 0.0000 1.8779 0.0022
1.0710 0.2594 0.0000 1.8728 0.0021
1.0726 0.2519 0.0000 1.8676 0.0021
1.0741 0.2446 0.0000 1.8623 0.0020
1.0757 0.2375 0.0000 1.8569 0.0019
1.0772 0.2305 0.0000 1.8514 0.0019
1.0788 0.2237 0.0000 1.8458 0.0018
1.0803 0.2171 0.0000 1.8401 0.0018
1.0819 0.2106 0.0000 1.8343 0.0017
1.0834 0.2043 0.0000 1.8284 0.0016
1.0850 0.1981 0.0000 1.8225 0.0016
1.0865 0.1921 0.0000 1.8164 0.0015
1.0881 0.1863 0.0000 1.8103 0.0015
1.0896 0.1806 0.0000 1.8041 0.0014
1.0912 0.1750 0.0000 1.7978 0.0014
1.0927 0.1696 0.0000 1.7914 0.0013
1.0943 0.1643 0.0000 1.7849 0.0013
1.0958 0.1592 0.0000 1.7783 0.0013
1.0974 0.1542 0.0000 1.7717 0.0012
1.0989 0.1493 0.0000 1.7649 0.0012
1.1005 0.1446 0.0000 1.7581 0.0011
1.1021 0.1399 0.0000 1.7512 0.0011
1.1036 0.1354 0.0000 1.7443 0.0011
1.1052 0.1311 0.0000 1.7372 0.0010
1.1067 0.1268 0.0000 1.7301 0.0010
1.1083 0.1227 0.0000 1.7229 0.0010
1.1098 0.1187 0.0000 1.7156 0.0009
1.1114 0.1148 0.0000 1.7083 0.0009
1.1129 0.1110 0.0000 1.7009 0.0009
1.1145 0.1073 0.0000 1.6934 0.0008
1.1160 0.1037 0.0000 1.6859 0.0008
1.1176 0.1002 0.0000 1.6782 0.0008
1.1191 0.0969 0.0000 1.6706 0.0008
1.1207 0.0936 0.0000 1.6628 0.0007
1.1222 0.0904 0.0000 1.6550 0.0007
1.1238 0.0873 0.0000 1.6471 0.0007
1.1253 0.0843 0.0000 1.6392 0.0007
1.1269 0.0814 0.0000 1.6312 0.0006
1.1284 0.0786 0.0000 1.6232 0.0006
1.1300 0.0758 0.0000 1.6150 0.0006
1.1315 0.0732 0.0000 1.6069 0.0006
1.1331 0.0706 0.0000 1.5987 0.0006
1.1346 0.0681 0.0000 1.5904 0.0005
1.1362 0.0657 0.0000 1.5821 0.0005
1.1377 0.0634 0.0000 1.5737 0.0005
1.1393 0.0611 0.0000 1.5653 0.0005
1.1408 0.0589 0.0000 1.5568 0.0005
1.1424 0.0568 0.0000 1.5483 0.0004
1.1439 0.0547 0.0000 1.5397 0.0004
1.1455 0.0527 0.0000 1.5311 0.0004
1.1470 0.0508 0.0000 1.5224 0.0004
1.1486 0.0489 0.0000 1.5137 0.0004
1.1501 0.0471 0.0000 1.5050 0.0004
1.1517 0.0454 0.0000 1.4962 0.0004
1.1532 0.0437 0.0000 1.4874 0.0003
1.1548 0.0420 0.0000 1.4785 0.0003
1.1563 0.0405 0.0000 1.4696 0.0003
1.1579 0.0389 0.0000 1.4607 0.0003
1.1594 0.0375 0.0000 1.4518 0.0003
1.1610 0.0360 0.0000 1.4428 0.0003
1.1625 0.0347 0.0000 1.4338 0.0003
1.1641 0.0333 0.0000 1.4247 0.0003
1.1656 0.0320 0.0000 1.4156 0.0003
1.1672 0.0308 0.0000 1.4065 0.0003
1.1687 0.0296 0.0000 1.3974 0.0002
1.1703 0.0285 0.0000 1.3882 0.0002
1.1718 0.0273 0.0000 1.3791 0.0002
1.1734 0.0263 0.0000 1.3699 0.0002
1.1749 0.0252 0.0000 1.3606 0.0002
1.1765 0.0242 0.0000 1.3514 0.0002
1.1780 0.0233 0.0000 1.3422 0.0002
1.1796 0.0223 0.0000 1.3329 0.0002
1.1811 0.0214 0.0000 1.3236 0.0002
1.1827 0.0206 0.0000 1.3143 0.0002
1.1842 0.0197 0.0000 1.3050 0.0002
1.1858 0.0189 0.0000 1.2956 0.0002
1.1873 0.0182 0.0000 1.2863 0.0002
1.1889 0.0174 0.0000 1.2770 0.0001
1.1904 0.0167 0.0000 1.2676 0.0001
1.1920 0.0160 0.0000 1.2582 0.0001
1.1935 0.0154 0.0000 1.2489 0.0001
1.1951 0.0147 0.0000 1.2395 0.0001
1.1966 0.0141 0.0000 1.2301 0.0001
1.1982 0.0135 0.0000 1.2207 0.0001
1.1997 0.0129 0.0000 1.2114 0.0001
1.2013 0.0124 0.0000 1.2020 0.0001
1.2029 0.0119 0.0000 1.1926 0.0001
1.2044 0.0114 0.0000 1.1832 0.0001
1.2060 0.0109 0.0000 1.1739 0.0001
1.2075 0.0104 0.0000 1.1645 0.0001
1.2091 0.0100 0.0000 1.1551 0.0001
1.2106 0.0095 0.0000 1.1458 0.0001
1.2122 0.0091 0.0000 1.1364 0.0001
1.2137 0.0087 0.0000 1.1271 0.0001
1.2153 0.0083 0.0000 1.1177 0.0001
1.2168 0.0080 0.0000 1.1084 0.0001
1.2184 0.0076 0.0000 1.0991 0.0001
1.2199 0.0073 0.0000 1.0898 0.0001
1.2215 0.0070 0.0000 1.0805 0.0001
1.2230 0.0067 0.0000 1.0712 0.0001
1.2246 0.0064 0.0000 1.0620 0.0001
1.2261 0.0061 0.0000 1.0528 0.0001
1.2277 0.0058 0.0000 1.0435 0.0001
1.2292 0.0055 0.0000 1.0343 0.0001
1.2308 0.0053 0.0000 1.0252 0.0001
1.2323 0.0051 0.0000 1.0160 0.0001
1.2339 0.0048 0.0000 1.0069 0.0000
1.2354 0.0046 0.0000 0.9977 0.0000
1.2370 0.0044 0.0000 0.9886 0.0000
1.2385 0.0042 0.0000 0.9796 0.0000
1.2401 0.0040 0.0000 0.9705 0.0000
1.2416 0.0038 0.0000 0.9615 0.0000
1.2432 0.0036 0.0000 0.9525 0.0000
1.2447 0.0035 0.0000 0.9435 0.0000
1.2463 0.0033 0.0000 0.9346 0.0000
1.2478 0.0031 0.0000 0.9257 0.0000
1.2494 0.0030 0.0000 0.9168 0.0000
1.2509 0.0029 0.0000 0.9080 0.0000
1.2525 0.0027 0.0000 0.8992 0.0000
1.2540 0.0026 0.0000 0.8904 0.0000
1.2556 0.0025 0.0000 0.8816 0.0000
1.2571 0.0023 0.0000 0.8729 0.0000
1.2587 0.0022 0.0000 0.8642 0.0000
1.2602 0.0021 0.0000 0.8556 0.0000
1.2618 0.0020 0.0000 0.8469 0.0000
1.2633 0.0019 0.0000 0.8384 0.0000
1.2649 0.0018 0.0000 0.8298 0.0000
1.2664 0.0017 0.0000 0.8213 0.0000
1.2680 0.0017 0.0000 0.8129 0.0000
1.2695 0.0016 0.0000 0.8044 0.0000
1.2711 0.0015 0.0000 0.7961 0.0000
1.2726 0.0014 0.0000 0.7877 0.0000
1.2742 0.0014 0.0000 0.7794 0.0000
1.2757 0.0013 0.0000 0.7711 0.0000
1.2773 0.0012 0.0000 0.7629 0.0000
1.2788 0.0012 0.0000 0.7547 0.0000
1.2804 0.0011 0.0000 0.7466 0.0000
1.2819 0.0010 0.0000 0.7385 0.0000
1.2835 0.0010 0.0000 0.7304 0.0000
1.2850 0.0009 0.0000 0.7224 0.0000
1.2866 0.0009 0.0000 0.7145 0.0000
1.2881 0.0008 0.0000 0.7066 0.0000
1.2897 0.0008 0.0000 0.6987 0.0000
1.2912 0.0008 0.0000 0.6909 0.0000
1.2928 0.0007 0.0000 0.6831 0.0000
1.2943 0.0007 0.0000 0.6754 0.0000
1.2959 0.0007 0.0000 0.6677 0.0000
1.2974 0.0006 0.0000 0.6600 0.0000
1.2990 0.0006 0.0000 0.6525 0.0000
1.3006 0.0006 0.0000 0.6449 0.0000
1.3021 0.0005 0.0000 0.6374 0.0000
1.3037 0.0005 0.0000 0.6300 0.0000
1.3052 0.0005 0.0000 0.6226 0.0000
1.3068 0.0004 0.0000 0.6153 0.0000
1.3083 0.0004 0.0000 0.6080 0.0000
1.3099 0.0004 0.0000 0.6007 0.0000
1.3114 0.0004 0.0000 0.5935 0.0000
1.3130 0.0004 0.0000 0.5864 0.0000
1.3145 0.0003 0.0000 0.5793 0.0000
1.3161 0.0003 0.0000 0.5723 0.0000
1.3176 0.0003 0.0000 0.5653 0.0000
1.3192 0.0003 0.0000 0.5583 0.0000
1.3207 0.0003 0.0000 0.5515 0.0000
1.3223 0.0003 0.0000 0.5446 0.0000
1.3238 0.0002 0.0000 0.5378 0.0000
1.3254 0.0002 0.0000 0.5311 0.0000
1.3269 0.0002 0.0000 0.5244 0.0000
1.3285 0.0002 0.0000 0.5178 0.0000
1.3300 0.0002 0.0000 0.5113 0.0000
1.3316 0.0002 0.0000 0.5047 0.0000
1.3331 0.0002 0.0000 0.4983 0.0000
1.3347 0.0002 0.0000 0.4919 0.0000
1.3362 0.0002 0.0000 0.4855 0.0000
1.3378 0.0001 0.0000 0.4792 0.0000
1.3393 0.0001 0.0000 0.4730 0.0000
1.3409 0.0001 0.0000 0.4668 0.0000
1.3424 0.0001 0.0000 0.4606 0.0000
1.3440 0.0001 0.0000 0.4545 0.0000
1.3455 0.0001 0.0000 0.4485 0.0000
1.3471 0.0001 0.0000 0.4425 0.0000
1.3486 0.0001 0.0000 0.4366 0.0000
1.3502 0.0001 0.0000 0.4307 0.0000
1.3517 0.0001 0.0000 0.4249 0.0000
1.3533 0.0001 0.0000 0.4191 0.0000
1.3548 0.0001 0.0000 0.4134 0.0000
1.3564 0.0001 0.0000 0.4078 0.0000
1.3579 0.0001 0.0000 0.4022 0.0000
1.3595 0.0001 0.0000 0.3966 0.0000
1.3610 0.0001 0.0000 0.3911 0.0000
1.3626 0.0001 0.0000 0.3857 0.0000
1.3641 0.0001 0.0000 0.3803 0.0000
1.3657 0.0000 0.0000 0.3749 0.0000
1.3672 0.0000 0.0000 0.3696 0.0000
1.3688 0.0000 0.0000 0.3644 0.0000
1.3703 0.0000 0.0000 0.3592 0.0000
1.3719 0.0000 0.0000 0.3541 0.0000
1.3734 0.0000 0.0000 0.3490 0.0000
1.3750 0.0000 0.0000 0.3440 0.0000
1.3765 0.0000 0.0000 0.3390 0.0000
1.3781 0.0000 0.0000 0.3341 0.0000
1.3796 0.0000 0.0000 0.3292 0.0000
1.3812 0.0000 0.0000 0.3244 0.0000
1.3827 0.0000 0.0000 0.3196 0.0000
1.3843 0.0000 0.0000 0.3149 0.0000
1.3858 0.0000 0.0000 0.3102 0.0000
1.3874 0.0000 0.0000 0.3056 0.0000
1.3889 0.0000 0.0000 0.3011 0.0000
1.3905 0.0000 0.0000 0.2965 0.0000
1.3920 0.0000 0.0000 0.2921 0.0000
1.3936 0.0000 0.0000 0.2877 0.0000
1.3951 0.0000 0.0000 0.2833 0.0000
1.3967 0.0000 0.0000 0.2790 0.0000
1.3982 0.0000 0.0000 0.2747 0.0000
1.3998 0.0000 0.0000 0.2705 0.0000
1.4014 0.0000 0.0000 0.2663 0.0000
1.4029 0.0000 0.0000 0.2622 0.0000
1.4045 0.0000 0.0000 0.2581 0.0000
1.4060 0.0000 0.0000 0.2541 0.0000
1.4076 0.0000 0.0000 0.2501 0.0000
1.4091 0.0000 0.0000 0.2462 0.0000
1.4107 0.0000 0.0000 0.2423 0.0000
1.4122 0.0000 0.0000 0.2385 0.0000
1.4138 0.0000 0.0000 0.2347 0.0000
1.4153 0.0000 0.0000 0.2310 0.0000
1.4169 0.0000 0.0000 0.2273 0.0000
1.4184 0.0000 0.0000 0.2236 0.0000
1.4200 0.0000 0.0000 0.2200 0.0000
1.4215 0.0000 0.0000 0.2165 0.0000
1.4231 0.0000 0.0000 0.2129 0.0000
1.4246 0.0000 0.0000 0.2095 0.0000
1.4262 0.0000 0.0000 0.2060 0.0000
1.4277 0.0000 0.0000 0.2027 0.0000
1.4293 0.0000 0.0000 0.1993 0.0000
1.4308 0.0000 0.0000 0.1960 0.0000
1.4324 0.0000 0.0000 0.1928 0.0000
1.4339 0.0000 0.0000 0.1896 0.0000
1.4355 0.0000 0.0000 0.1864 0.0000
1.4370 0.0000 0.0000 0.1833 0.0000
1.4386 0.0000 0.0000 0.1802 0.0000
1.4401 0.0000 0.0000 0.1771 0.0000
1.4417 0.0000 0.0000 0.1741 0.0000
1.4432 0.0000 0.0000 0.1712 0.0000
1.4448 0.0000 0.0000 0.1683 0.0000
1.4463 0.0000 0.0000 0.1654 0.0000
1.4479 0.0000 0.0000 0.1625 0.0000
1.4494 0.0000 0.0000 0.1597 0.0000
1.4510 0.0000 0.0000 0.1570 0.0000
1.4525 0.0000 0.0000 0.1542 0.0000
1.4541 0.0000 0.0000 0.1516 0.0000
1.4556 0.0000 0.0000 0.1489 0.0000
1.4572 0.0000 0.0000 0.1463 0.0000
1.4587 0.0000 0.0000 0.1437 0.0000
1.4603 0.0000 0.0000 0.1412 0.0000
1.4618 0.0000 0.0000 0.1387 0.0000
1.4634 0.0000 0.0000 0.1362 0.0000
1.4649 0.0000 0.0000 0.1338 0.0000
1.4665 0.0000 0.0000 0.1314 0.0000
1.4680 0.0000 0.0000 0.1290 0.0000
1.4696 0.0000 0.0000 0.1267 0.0000
1.4711 0.0000 0.0000 0.1244 0.0000
1.4727 0.0000 0.0000 0.1222 0.0000
1.4742 0.0000 0.0000 0.1199 0.0000
1.4758 0.0000 0.0000 0.1178 0.0000
1.4773 0.0000 0.0000 0.1156 0.0000
1.4789 0.0000 0.0000 0.1135 0.0000
1.4804 0.0000 0.0000 0.1114 0.0000
1.4820 0.0000 0.0000 0.1093 0.0000
1.4835 0.0000 0.0000 0.1073 0.0000
1.4851 0.0000 0.0000 0.1053 0.0000
1.4866 0.0000 0.0000 0.1033 0.0000
1.4882 0.0000 0.0000 0.1014 0.0000
1.4897 0.0000 0.0000 0.0995 0.0000
1.4913 0.0000 0.0000 0.0976 0.0000
1.4928 0.0000 0.0000 0.0958 0.0000
1.4944 0.0000 0.0000 0.0940 0.0000
1.4959 0.0000 0.0000 0.0922 0.0000
1.4975 0.0000 0.0000 0.0904 0.0000
1.4990 0.0000 0.0000 0.0887 0.0000
1.5006 0.0000 0.0000 0.0870 0.0000
1.5022 0.0000 0.0000 0.0853 0.0000
1.5037 0.0000 0.0000 0.0837 0.0000
1.5053 0.0000 0.0000 0.0820 0.0000
1.5068 0.0000 0.0000 0.0804 0.0000
1.5084 0.0000 0.0000 0.0789 0.0000
1.5099 0.0000 0.0000 0.0773 0.0000
1.5115 0.0000 0.0000 0.0758 0.0000
1.5130 0.0000 0.0000 0.0743 0.0000
1.5146 0.0000 0.0000 0.0729 0.0000
1.5161 0.0000 0.0000 0.0714 0.0000
1.5177 0.0000 0.0000 0.0700 0.0000
1.5192 0.0000 0.0000 0.0686 0.0000
1.5208 0.0000 0.0000 0.0672 0.0000
1.5223 0.0000 0.0000 0.0659 0.0000
1.5239 0.0000 0.0000 0.0646 0.0000
1.5254 0.0000 0.0000 0.0633 0.0000
1.5270 0.0000 0.0000 0.0620 0.0000
1.5285 0.0000 0.0000 0.0607 0.0000
1.5301 0.0000 0.0000 0.0595 0.0000
1.5316 0.0000 0.0000 0.0583 0.0000
1.5332 0.0000 0.0000 0.0571 0.0000
1.5347 0.0000 0.0000 0.0559 0.0000
1.5363 0.0000 0.0000 0.0548 0.0000
1.5378 0.0000 0.0000 0.0537 0.0000
1.5394 0.0000 0.0000 0.0525 0.0000
1.5409 0.0000 0.0000 0.0515 0.0000
1.5425 0.0000 0.0000 0.0504 0.0000
1.5440 0.0000 0.0000 0.0493 0.0000
1.5456 0.0000 0.0000 0.0483 0.0000
1.5471 0.0000 0.0000 0.0473 0.0000
1.5487 0.0000 0.0000 0.0463 0.0000
1.5502 0.0000 0.0000 0.0453 0.0000
1.5518 0.0000 0.0000 0.0444 0.0000
1.5533 0.0000 0.0000 0.0434 0.0000
1.5549 0.0000 0.0000 0.0425 0.0000
1.5564 0.0000 0.0000 0.0416 0.0000
1.5580 0.0000 0.0000 0.0407 0.0000
1.5595 0.0000 0.0000 0.0398 0.0000
1.5611 0.0000 0.0000 0.0390 0.0000
1.5626 0.0000 0.0000 0.0381 0.0000
1.5642 0.0000 0.0000 0.0373 0.0000
1.5657 0.0000 0.0000 0.0365 0.0000
1.5673 0.0000 0.0000 0.0357 0.0000
1.5688 0.0000 0.0000 0.0349 0.0000
1.5704 0.0000 0.0000 0.0342 0.0000
1.5719 0.0000 0.0000 0.0334 0.0000
1.5735 0.0000 0.0000 0.0327 0.0000
1.5750 0.0000 0.0000 0.0320 0.0000
1.5766 0.0000 0.0000 0.0313 0.0000
1.5781 0.0000 0.0000 0.0306 0.0000
1.5797 0.0000 0.0000 0.0299 0.0000
1.5812 0.0000 0.0000 0.0292 0.0000
1.5828 0.0000 0.0000 0.0286 0.0000
1.5843 0.0000 0.0000 0.0279 0.0000
1.5859 0.0000 0.0000 0.0273 0.0000
1.5874 0.0000 0.0000 0.0267 0.0000
1.5890 0.0000 0.0000 0.0261 0.0000
1.5905 0.0000 0.0000 0.0255 0.0000
1.5921 0.0000 0.0000 0.0249 0.0000
1.5936 0.0000 0.0000 0.0244 0.0000
1.5952 0.0000 0.0000 0.0238 0.0000
1.5967 0.0000 0.0000 0.0233 0.0000
1.5983 0.0000 0.0000 0.0227 0.0000
1.5998 0.0000 0.0000 0.0222 0.0000
1.6014 0.0000 0.0000 0.0217 0.0000
1.6030 0.0000 0.0000 0.0212 0.0000
1.6045 0.0000 0.0000 0.0207 0.0000
1.6061 0.0000 0.0000 0.0202 0.0000
1.6076 0.0000 0.0000 0.0198 0.0000
1.6092 0.0000 0.0000 0.0193 0.0000
1.6107 0.0000 0.0000 0.0188 0.0000
1.6123 0.0000 0.0000 0.0184 0.0000
1.6138 0.0000 0.0000 0.0180 0.0000
1.6154 0.0000 0.0000 0.0175 0.0000
1.6169 0.0000 0.0000 0.0171 0.0000
1.6185 0.0000 0.0000 0.0167 0.0000
1.6200 0.0000 0.0000 0.0163 0.0000
1.6216 0.0000 0.0000 0.0159 0.0000
1.6231 0.0000 0.0000 0.0156 0.0000
1.6247 0.0000 0.0000 0.0152 0.0000
1.6262 0.0000 0.0000 0.0148 0.0000
1.6278 0.0000 0.0000 0.0145 0.0000
1.6293 0.0000 0.0000 0.0141 0.0000
1.6309 0.0000 0.0000 0.0138 0.0000
1.6324 0.0000 0.0000 0.0134 0.0000
1.6340 0.0000 0.0000 0.0131 0.0000
1.6355 0.0000 0.0000 0.0128 0.0000
1.6371 0.0000 0.0000 0.0125 0.0000
1.6386 0.0000 0.0000 0.0122 0.0000
1.6402 0.0000 0.0000 0.0119 0.0000
1.6417 0.0000 0.0000 0.0116 0.0000
1.6433 0.0000 0.0000 0.0113 0.0000
1.6448 0.0000 0.0000 0.0110 0.0000
1.6464 0.0000 0.0000 0.0108 0.0000
1.6479 0.0000 0.0000 0.0105 0.0000
1.6495 0.0000 0.0000 0.0102 0.0000
1.6510 0.0000 0.0000 0.0100 0.0000
1.6526 0.0000 0.0000 0.0097 0.0000
1.6541 0.0000 0.0000 0.0095 0.0000
1.6557 0.0000 0.0000 0.0092 0.0000
1.6572 0.0000 0.0000 0.0090 0.0000
1.6588 0.0000 0.0000 0.0088 0.0000
1.6603 0.0000 0.0000 0.0086 0.0000
1.6619 0.0000 0.0000 0.0083 0.0000
1.6634 0.0000 0.0000 0.0081 0.0000
1.6650 0.0000 0.0000 0.0079 0.0000
1.6665 0.0000 0.0000 0.0077 0.0000
1.6681 0.0000 0.0000 0.0075 0.0000
1.6696 0.0000 0.0000 0.0073 0.0000
1.6712 0.0000 0.0000 0.0072 0.0000
1.6727 0.0000 0.0000 0.0070 0.0000
1.6743 0.0000 0.0000 0.0068 0.0000
1.6758 0.0000 0.0000 0.0066 0.0000
1.6774 0.0000 0.0000 0.0064 0.0000
1.6789 0.0000 0.0000 0.0063 0.0000
1.6805 0.0000 0.0000 0.0061 0.0000
1.6820 0.0000 0.0000 0.0060 0.0000
1.6836 0.0000 0.0000 0.0058 0.0000
1.6851 0.0000 0.0000 0.0056 0.0000
1.6867 0.0000 0.0000 0.0055 0.0000
1.6882 0.0000 0.0000 0.0054 0.0000
1.6898 0.0000 0.0000 0.0052 0.0000
1.6913 0.0000 0.0000 0.0051 0.0000
1.6929 0.0000 0.0000 0.0049 0.0000
1.6944 0.0000 0.0000 0.0048 0.0000
1.6960 0.0000 0.0000 0.0047 0.0000
1.6975 0.0000 0.0000 0.0046 0.0000
1.6991 0.0000 0.0000 0.0044 0.0000
1.7007 0.0000 0.0000 0.0043 0.0000
1.7022 0.0000 0.0000 0.0042 0.0000
1.7038 0.0000 0.0000 0.0041 0.0000
1.7053 0.0000 0.0000 0.0040 0.0000
1.7069 0.0000 0.0000 0.0039 0.0000
1.7084 0.0000 0.0000 0.0038 0.0000
1.7100 0.0000 0.0000 0.0037 0.0000
1.7115 0.0000 0.0000 0.0036 0.0000
1.7131 0.0000 0.0000 0.0035 0.0000
1.7146 0.0000 0.0000 0.0034 0.0000
1.7162 0.0000 0.0000 0.0033 0.0000
1.7177 0.0000 0.0000 0.0032 0.0000
1.7193 0.0000 0.0000 0.0031 0.0000
1.7208 0.0000 0.0000 0.0030 0.0000
1.7224 0.0000 0.0000 0.0029 0.0000
1.7239 0.0000 0.0000 0.0029 0.0000
1.7255 0.0000 0.0000 0.0028 0.0000
1.7270 0.0000 0.0000 0.0027 0.0000
1.7286 0.0000 0.0000 0.0026 0.0000
1.7301 0.0000 0.0000 0.0025 0.0000
1.7317 0.0000 0.0000 0.0025 0.0000
1.7332 0.0000 0.0000 0.0024 0.0000
1.7348 0.0000 0.0000 0.0023 0.0000
1.7363 0.0000 0.0000 0.0023 0.0000
1.7379 0.0000 0.0000 0.0022 0.0000
1.7394 0.0000 0.0000 0.0021 0.0000
1.7410 0.0000 0.0000 0.0021 0.0000
1.7425 0.0000 0.0000 0.0020 0.0000
1.7441 0.0000 0.0000 0.0020 0.0000
1.7456 0.0000 0.0000 0.0019 0.0000
1.7472 0.0000 0.0000 0.0019 0.0000
1.7487 0.0000 0.0000 0.0018 0.0000
1.7503 0.0000 0.0000 0.0018 0.0000
1.7518 0.0000 0.0000 0.0017 0.0000
1.7534 0.0000 0.0000 0.0017 0.0000
1.7549 0.0000 0.0000 0.0016 0.0000
1.7565 0.0000 0.0000 0.0016 0.0000
1.7580 0.0000 0.0000 0.0015 0.0000
1.7596 0.0000 0.0000 0.0015 0.0000
1.7611 0.0000 0.0000 0.0014 0.0000
1.7627 0.0000 0.0000 0.0014 0.0000
1.7642 0.0000 0.0000 0.0013 0.0000
1.7658 0.0000 0.0000 0.0013 0.0000
1.7673 0.0000 0.0000 0.0013 0.0000
1.7689 0.0000 0.0000 0.0012 0.0000
1.7704 0.0000 0.0000 0.0012 0.0000
1.7720 0.0000 0.0000 0.0012 0.0000
1.7735 0.0000 0.0000 0.0011 0.0000
1.7751 0.0000 0.0000 0.0011 0.0000
1.7766 0.0000 0.0000 0.0011 0.0000
1.7782 0.0000 0.0000 0.0010 0.0000
1.7797 0.0000 0.0000 0.0010 0.0000
1.7813 0.0000 0.0000 0.0010 0.0000
1.7828 0.0000 0.0000 0.0009 0.0000
1.7844 0.0000 0.0000 0.0009 0.0000
1.7859 0.0000 0.0000 0.0009 0.0000
1.7875 0.0000 0.0000 0.0009 0.0000
1.7890 0.0000 0.0000 0.0008 0.0000
1.7906 0.0000 0.0000 0.0008 0.0000
1.7921 0.0000 0.0000 0.0008 0.0000
1.7937 0.0000 0.0000 0.0008 0.0000
1.7952 0.0000 0.0000 0.0007 0.0000
1.7968 0.0000 0.0000 0.0007 0.0000
1.7983 0.0000 0.0000 0.0007 0.0000
1.7999 0.0000 0.0000 0.0007 0.0000
1.8015 0.0000 0.0000 0.0006 0.0000
1.8030 0.0000 0.0000 0.0006 0.0000
1.8046 0.0000 0.0000 0.0006 0.0000
1.8061 0.0000 0.0000 0.0006 0.0000
1.8077 0.0000 0.0000 0.0006 0.0000
1.8092 0.0000 0.0000 0.0006 0.0000
1.8108 0.0000 0.0000 0.0005 0.0000
1.8123 0.0000 0.0000 0.0005 0.0000
1.8139 0.0000 0.0000 0.0005 0.0000
1.8154 0.0000 0.0000 0.0005 0.0000
1.8170 0.0000 0.0000 0.0005 0.0000
1.8185 0.0000 0.0000 0.0005 0.0000
1.8201 0.0000 0.0000 0.0004 0.0000
1.8216 0.0000 0.0000 0.0004 0.0000
1.8232 0.0000 0.0000 0.0004 0.0000
1.8247 0.0000 0.0000 0.0004 0.0000
1.8263 0.0000 0.0000 0.0004 0.0000
1.8278 0.0000 0.0000 0.0004 0.0000
1.8294 0.0000 0.0000 0.0004 0.0000
1.8309 0.0000 0.0000 0.0004 0.0000
1.8325 0.0000 0.0000 0.0003 0.0000
1.8340 0.0000 0.0000 0.0003 0.0000
1.8356 0.0000 0.0000 0.0003 0.0000
1.8371 0.0000 0.0000 0.0003 0.0000
1.8387 0.0000 0.0000 0.0003 0.0000
1.8402 0.0000 0.0000 0.0003 0.0000
1.8418 0.0000 0.0000 0.0003 0.0000
1.8433 0.0000 0.0000 0.0003 0.0000
1.8449 0.0000 0.0000 0.0003 0.0000
1.8464 0.0000 0.0000 0.0003 0.0000
1.8480 0.0000 0.0000 0.0002 0.0000
1.8495 0.0000 0.0000 0.0002 0.0000
1.8511 0.0000 0.0000 0.0002 0.0000
1.8526 0.0000 0.0000 0.0002 0.0000
1.8542 0.0000 0.0000 0.0002 0.0000
1.8557 0.0000 0.0000 0.0002 0.0000
1.8573 0.0000 0.0000 0.0002 0.0000
1.8588 0.0000 0.0000 0.0002 0.0000
1.8604 0.0000 0.0000 0.0002 0.0000
1.8619 0.0000 0.0000 0.0002 0.0000
1.8635 0.0000 0.0000 0.0002 0.0000
1.8650 0.0000 0.0000 0.0002 0.0000
1.8666 0.0000 0.0000 0.0002 0.0000
1.8681 0.0000 0.0000 0.0002 0.0000
1.8697 0.0000 0.0000 0.0002 0.0000
1.8712 0.0000 0.0000 0.0002 0.0000
1.8728 0.0000 0.0000 0.0001 0.0000
1.8743 0.0000 0.0000 0.0001 0.0000
1.8759 0.0000 0.0000 0.0001 0.0000
1.8774 0.0000 0.0000 0.0001 0.0000
1.8790 0.0000 0.0000 0.0001 0.0000
1.8805 0.0000 0.0000 0.0001 0.0000
1.8821 0.0000 0.0000 0.0001 0.0000
1.8836 0.0000 0.0000 0.0001 0.0000
1.8852 0.0000 0.0000 0.0001 0.0000
1.8867 0.0000 0.0000 0.0001 0.0000
1.8883 0.0000 0.0000 0.0001 0.0000
1.8898 0.0000 0.0000 0.0001 0.0000
1.8914 0.0000 0.0000 0.0001 0.0000
1.8929 0.0000 0.0000 0.0001 0.0000
1.8945 0.0000 0.0000 0.0001 0.0000
1.8960 0.0000 0.0000 0.0001 0.0000
1.8976 0.0000 0.0000 0.0001 0.0000
1.8991 0.0000 0.0000 0.0001 0.0000
1.9007 0.0000 0.0000 0.0001 0.0000
1.9023 0.0000 0.0000 0.0001 0.0000
1.9038 0.0000 0.0000 0.0001 0.0000
1.9054 0.0000 0.0000 0.0001 0.0000
1.9069 0.0000 0.0000 0.0001 0.0000
1.9085 0.0000 0.0000 0.0001 0.0000
1.9100 0.0000 0.0000 0.0001 0.0000
1.9116 0.0000 0.0000 0.0001 0.0000
1.9131 0.0000 0.0000 0.0001 0.0000
1.9147 0.0000 0.0000 0.0001 0.0000
1.9162 0.0000 0.0000 0.0001 0.0000
1.9178 0.0000 0.0000 0.0001 0.0000
1.9193 0.0000 0.0000 0.0001 0.0000
1.9209 0.0000 0.0000 0.0000 0.0000
1.9224 0.0000 0.0000 0.0000 0.0000
1.9240 0.0000 0.0000 0.0000 0.0000
1.9255 0.0000 0.0000 0.0000 0.0000
1.9271 0.0000 0.0000 0.0000 0.0000
1.9286 0.0000 0.0000 0.0000 0.0000
1.9302 0.0000 0.0000 0.0000 0.0000
1.9317 0.0000 0.0000 0.0000 0.0000
1.9333 0.0000 0.0000 0.0000 0.0000
1.9348 0.0000 0.0000 0.0000 0.0000
1.9364 0.0000 0.0000 0.0000 0.0000
1.9379 0.0000 0.0000 0.0000 0.0000
1.9395 0.0000 0.0000 0.0000 0.0000
1.9410 0.0000 0.0000 0.0000 0.0000
1.9426 0.0000 0.0000 0.0000 0.0000
1.9441 0.0000 0.0000 0.0000 0.0000
1.9457 0.0000 0.0000 0.0000 0.0000
1.9472 0.0000 0.0000 0.0000 0.0000
1.9488 0.0000 0.0000 0.0000 0.0000
1.9503 0.0000 0.0000 0.0000 0.0000
1.9519 0.0000 0.0000 0.0000 0.0000
1.9534 0.0000 0.0000 0.0000 0.0000
1.9550 0.0000 0.0000 0.0000 0.0000
1.9565 0.0000 0.0000 0.0000 0.0000
1.9581 0.0000 0.0000 0.0000 0.0000
1.9596 0.0000 0.0000 0.0000 0.0000
1.9612 0.0000 0.0000 0.0000 0.0000
1.9627 0.0000 0.0000 0.0000 0.0000
1.9643 0.0000 0.0000 0.0000 0.0000
1.9658 0.0000 0.0000 0.0000 0.0000
1.9674 0.0000 0.0000 0.0000 0.0000
1.9689 0.0000 0.0000 0.0000 0.0000
1.9705 0.0000 0.0000 0.0000 0.0000
1.9720 0.0000 0.0000 0.0000 0.0000
1.9736 0.0000 0.0000 0.0000 0.0000
1.9751 0.0000 0.0000 0.0000 0.0000
1.9767 0.0000 0.0000 0.0000 0.0000
1.9782 0.0000 0.0000 0.0000 0.0000
1.9798 0.0000 0.0000 0.0000 0.0000
1.9813 0.0000 0.0000 0.0000 0.0000
1.9829 0.0000 0.0000 0.0000 0.0000
1.9844 0.0000 0.0000 0.0000 0.0000
1.9860 0.0000 0.0000 0.0000 0.0000
1.9875 0.0000 0.0000 0.0000 0.0000
1.9891 0.0000 0.0000 0.0000 0.0000
1.9906 0.0000 0.0000 0.0000 0.0000
1.9922 0.0000 0.0000 0.0000 0.0000
1.9937 0.0000 0.0000 0.0000 0.0000
1.9953 0.0000 0.0000 0.0000 0.0000
1.9968 0.0000 0.0000 0.0000 0.0000
1.9984 0.0000 0.0000 0.0000 0.0000
1.9999 0.0000 0.0000 0.0000 0.0000
2.0015 0.0000 0.0000 0.0000 0.0000
2.0031 0.0000 0.0000 0.0000 0.0000
2.0046 0.0000 0.0000 0.0000 0.0000
2.0062 0.0000 0.0000 0.0000 0.0000
2.0077 0.0000 0.0000 0.0000 0.0000
2.0093 0.0000 0.0000 0.0000 0.0000
2.0108 0.0000 0.0000 0.0000 0.0000
2.0124 0.0000 0.0000 0.0000 0.0000
2.0139 0.0000 0.0000 0.0000 0.0000
2.0155 0.0000 0.0000 0.0000 0.0000
2.0170 0.0000 0.0000 0.0000 0.0000
2.0186 0.0000 0.0000 0.0000 0.0000
2.0201 0.0000 0.0000 0.0000 0.0000
2.0217 0.0000 0.0000 0.0000 0.0000
2.0232 0.0000 0.0000 0.0000 0.0000
2.0248 0.0000 0.0000 0.0000 0.0000
2.0263 0.0000 0.0000 0.0000 0.0000
2.0279 0.0000 0.0000 0.0000 0.0000
2.0294 0.0000 0.0000 0.0000 0.0000
2.0310 0.0000 0.0000 0.0000 0.0000
2.0325 0.0000 0.0000 0.0000 0.0000
2.0341 0.0000 0.0000 0.0000 0.0000
2.0356 0.0000 0.0000 0.0000 0.0000
2.0372 0.0000 0.0000 0.0000 0.0000
2.0387 0.0000 0.0000 0.0000 0.0000
2.0403 0.0000 0.0000 0.0000 0.0000
2.0418 0.0000 0.0000 0.0000 0.0000
2.0434 0.0000 0.0000 0.0000 0.0000
2.0449 0.0000 0.0000 0.0000 0.0000
2.0465 0.0000 0.0000 0.0000 0.0000
2.0480 0.0000 0.0000 0.0000 0.0000
2.0496 0.0000 0.0000 0.0000 0.0000
2.0511 0.0000 0.0000 0.0000 0.0000
2.0527 0.0000 0.0000 0.0000 0.0000
2.0542 0.0000 0.0000 0.0000 0.0000
2.0558 0.0000 0.0000 0.0000 0.0000
2.0573 0.0000 0.0000 0.0000 0.0000
2.0589 0.0000 0.0000 0.0000 0.0000
2.0604 0.0000 0.0000 0.0000 0.0000
2.0620 0.0000 0.0000 0.0000 0.0000
2.0635 0.0000 0.0000 0.0000 0.0000
2.0651 0.0000 0.0000 0.0000 0.0000
2.0666 0.0000 0.0000 0.0000 0.0000
2.0682 0.0000 0.0000 0.0000 0.0000
2.0697 0.0000 0.0000 0.0000 0.0000
2.0713 0.0000 0.0000 0.0000 0.0000
2.0728 0.0000 0.0000 0.0000 0.0000
2.0744 0.0000 0.0000 0.0000 0.0000
2.0759 0.0000 0.0000 0.0000 0.0000
2.0775 0.0000 0.0000 0.0000 0.0000
2.0790 0.0000 0.0000 0.0000 0.0000
2.0806 0.0000 0.0000 0.0000 0.0000
2.0821 0.0000 0.0000 0.0000 0.0000
2.0837 0.0000 0.0000 0.0000 0.0000
2.0852 0.0000 0.0000 0.0000 0.0000
2.0868 0.0000 0.0000 0.0000 0.0000
2.0883 0.0000 0.0000 0.0000 0.0000
2.0899 0.0000 0.0000 0.0000 0.0000
2.0914 0.0000 0.0000 0.0000 0.0000
2.0930 0.0000 0.0000 0.0000 0.0000
2.0945 0.0000 0.0000 0.0000 0.0000
2.0961 0.0000 0.0000 0.0000 0.0000
2.0976 0.0000 0.0000 0.0000 0.0000
2.0992 0.0000 0.0000 0.0000 0.0000
2.1008 0.0000 0.0000 0.0000 0.0000
2.1023 0.0000 0.0000 0.0000 0.0000
2.1039 0.0000 0.0000 0.0000 0.0000
2.1054 0.0000 0.0000 0.0000 0.0000
2.1070 0.0000 0.0000 0.0000 0.0000
2.1085 0.0000 0.0000 0.0000 0.0000
2.1101 0.0000 0.0000 0.0000 0.0000
2.1116 0.0000 0.0000 0.0000 0.0000
2.1132 0.0000 0.0000 0.0000 0.0000
2.1147 0.0000 0.0000 0.0000 0.0000
2.1163 0.0000 0.0000 0.0000 0.0000
2.1178 0.0000 0.0000 0.0000 0.0000
2.1194 0.0000 0.0000 0.0000 0.0000
2.1209 0.0000 0.0000 0.0000 0.0000
2.1225 0.0000 0.0000 0.0000 0.0000
2.1240 0.0000 0.0000 0.0000 0.0000
2.1256 0.0000 0.0000 0.0000 0.0000
2.1271 0.0000 0.0000 0.0000 0.0000
2.1287 0.0000 0.0000 0.0000 0.0000
2.1302 0.0000 0.0000 0.0000 0.0000
2.1318 0.0000 0.0000 0.0000 0.0000
2.1333 0.0000 0.0000 0.0000 0.0000
2.1349 0.0000 0.0000 0.0000 0.0000
2.1364 0.0000 0.0000 0.0000 0.0000
2.1380 0.0000 0.0000 0.0000 0.0000
2.1395 0.0000 0.0000 0.0000 0.0000
2.1411 0.0000 0.0000 0.0000 0.0000
2.1426 0.0000 0.0000 0.0000 0.0000
2.1442 0.0000 0.0000 0.0000 0.0000
2.1457 0.0000 0.0000 0.0000 0.0000
2.1473 0.0000 0.0000 0.0000 0.0000
2.1488 0.0000 0.0000 0.0000 0.0000
2.1504 0.0000 0.0000 0.0000 0.0000
2.1519 0.0000 0.0000 0.0000 0.0000
2.1535 0.0000 0.0000 0.0000 0.0000
2.1550 0.0000 0.0000 0.0000 0.0000
2.1566 0.0000 0.0000 0.0000 0.0000
2.1581 0.0000 0.0000 0.0000 0.0000
2.1597 0.0000 0.0000 0.0000 0.0000
2.1612 0.0000 0.0000 0.0000 0.0000
2.1628 0.0000 0.0000 0.0000 0.0000
2.1643 0.0000 0.0000 0.0000 0.0000
2.1659 0.0000 0.0000 0.0000 0.0000
2.1674 0.0000 0.0000 0.0000 0.0000
2.1690 0.0000 0.0000 0.0000 0.0000
2.1705 0.0000 0.0000 0.0000 0.0000
2.1721 0.0000 0.0000 0.0000 0.0000
2.1736 0.0000 0.0000 0.0000 0.0000
2.1752 0.0000 0.0000 0.0000 0.0000
2.1767 0.0000 0.0000 0.0000 0.0000
2.1783 0.0000 0.0000 0.0000 0.0000
2.1798 0.0000 0.0000 0.0000 0.0000
2.1814 0.0000 0.0000 0.0000 0.0000
2.1829 0.0000 0.0000 0.0000 0.0000
2.1845 0.0000 0.0000 0.0000 0.0000
2.1860 0.0000 0.0000 0.0000 0.0000
2.1876 0.0000 0.0000 0.0000 0.0000
2.1891 0.0000 0.0000 0.0000 0.0000
2.1907 0.0000 0.0000 0.0000 0.0000
2.1922 0.0000 0.0000 0.0000 0.0000
2.1938 0.0000 0.0000 0.0000 0.0000
2.1953 0.0000 0.0000 0.0000 0.0000
2.1969 0.0000 0.0000 0.0000 0.0000
2.1984 0.0000 0.0000 0.0000 0.0000
2.2000 0.0000 0.0000 0.0000 0.0000
