x user attacker FAR FRR threshold
0.0000 0.0000 0.2279 0.0000 0.0000 0.5000
0.0010 0.0000 0.2310 0.0000 0.0000 0.5000
0.0020 0.0000 0.2342 0.0000 0.0000 0.5000
0.0030 0.0000 0.2374 0.0000 0.0000 0.5000
0.0040 0.0000 0.2406 0.0000 0.0000 0.5000
0.0050 0.0000 0.2439 0.0000 0.0000 0.5000
0.0060 0.0000 0.2472 0.0000 0.0000 0.5000
0.0070 0.0000 0.2506 0.0000 0.0000 0.5000
0.0080 0.0000 0.2539 0.0000 0.0000 0.5000
0.0090 0.0000 0.2573 0.0000 0.0000 0.5000
0.0100 0.0000 0.2608 0.0000 0.0000 0.5000
0.0110 0.0000 0.2643 0.0000 0.0000 0.5000
0.0120 0.0000 0.2678 0.0000 0.0000 0.5000
0.0130 0.0000 0.2714 0.0000 0.0000 0.5000
0.0140 0.0000 0.2749 0.0000 0.0000 0.5000
0.0150 0.0000 0.2786 0.0000 0.0000 0.5000
0.0160 0.0000 0.2822 0.0000 0.0000 0.5000
0.0170 0.0000 0.2860 0.0000 0.0000 0.5000
0.0180 0.0000 0.2897 0.0000 0.0000 0.5000
0.0190 0.0000 0.2935 0.0000 0.0000 0.5000
0.0200 0.0000 0.2973 0.0000 0.0000 0.5000
0.0210 0.0000 0.3011 0.0000 0.0000 0.5000
0.0220 0.0000 0.3050 0.0000 0.0000 0.5000
0.0230 0.0000 0.3090 0.0000 0.0000 0.5000
0.0240 0.0000 0.3129 0.0000 0.0000 0.5000
0.0250 0.0000 0.3169 0.0000 0.0000 0.5000
0.0260 0.0000 0.3210 0.0000 0.0000 0.5000
0.0270 0.0000 0.3251 0.0000 0.0000 0.5000
0.0280 0.0000 0.3292 0.0000 0.0000 0.5000
0.0290 0.0000 0.3334 0.0000 0.0000 0.5000
0.0300 0.0000 0.3376 0.0000 0.0000 0.5000
0.0310 0.0000 0.3418 0.0000 0.0000 0.5000
0.0320 0.0000 0.3461 0.0000 0.0000 0.5000
0.0330 0.0000 0.3504 0.0000 0.0000 0.5000
0.0340 0.0000 0.3548 0.0000 0.0000 0.5000
0.0350 0.0000 0.3592 0.0000 0.0000 0.5000
0.0360 0.0000 0.3636 0.0000 0.0000 0.5000
0.0370 0.0000 0.3681 0.0000 0.0000 0.5000
0.0380 0.0000 0.3726 0.0000 0.0000 0.5000
0.0390 0.0000 0.3772 0.0000 0.0000 0.5000
0.0400 0.0000 0.3818 0.0000 0.0000 0.5000
0.0410 0.0000 0.3865 0.0000 0.0000 0.5000
0.0420 0.0000 0.3912 0.0000 0.0000 0.5000
0.0430 0.0000 0.3959 0.0000 0.0000 0.5000
0.0440 0.0000 0.4007 0.0000 0.0000 0.5000
0.0450 0.0000 0.4055 0.0000 0.0000 0.5000
0.0460 0.0000 0.4103 0.0000 0.0000 0.5000
0.0470 0.0000 0.4152 0.0000 0.0000 0.5000
0.0480 0.0000 0.4202 0.0000 0.0000 0.5000
0.0490 0.0000 0.4251 0.0000 0.0000 0.5000
0.0501 0.0000 0.4302 0.0000 0.0000 0.5000
0.0511 0.0000 0.4352 0.0000 0.0000 0.5000
0.0521 0.0000 0.4403 0.0000 0.0000 0.5000
0.0531 0.0000 0.4455 0.0000 0.0000 0.5000
0.0541 0.0000 0.4507 0.0000 0.0000 0.5000
0.0551 0.0000 0.4559 0.0000 0.0000 0.5000
0.0561 0.0000 0.4612 0.0000 0.0000 0.5000
0.0571 0.0000 0.4665 0.0000 0.0000 0.5000
0.0581 0.0000 0.4719 0.0000 0.0000 0.5000
0.0591 0.0000 0.4773 0.0000 0.0000 0.5000
0.0601 0.0000 0.4828 0.0000 0.0000 0.5000
0.0611 0.0000 0.4882 0.0000 0.0000 0.5000
0.0621 0.0000 0.4938 0.0000 0.0000 0.5000
0.0631 0.0000 0.4994 0.0000 0.0000 0.5000
0.0641 0.0000 0.5050 0.0000 0.0000 0.5000
0.0651 0.0000 0.5107 0.0000 0.0000 0.5000
0.0661 0.0000 0.5164 0.0000 0.0000 0.5000
0.0671 0.0000 0.5221 0.0000 0.0000 0.5000
0.0681 0.0000 0.5279 0.0000 0.0000 0.5000
0.0691 0.0000 0.5338 0.0000 0.0000 0.5000
0.0701 0.0000 0.5396 0.0000 0.0000 0.5000
0.0711 0.0000 0.5456 0.0000 0.0000 0.5000
0.0721 0.0000 0.5515 0.0000 0.0000 0.5000
0.0731 0.0000 0.5576 0.0000 0.0000 0.5000
0.0741 0.0000 0.5636 0.0000 0.0000 0.5000
0.0751 0.0000 0.5697 0.0000 0.0000 0.5000
0.0761 0.0000 0.5759 0.0000 0.0000 0.5000
0.0771 0.0000 0.5821 0.0000 0.0000 0.5000
0.0781 0.0000 0.5883 0.0000 0.0000 0.5000
0.0791 0.0000 0.5946 0.0000 0.0000 0.5000
0.0801 0.0000 0.6009 0.0000 0.0000 0.5000
0.0811 0.0000 0.6073 0.0000 0.0000 0.5000
0.0821 0.0000 0.6137 0.0000 0.0000 0.5000
0.0831 0.0000 0.6201 0.0000 0.0000 0.5000
0.0841 0.0000 0.6266 0.0000 0.0000 0.5000
0.0851 0.0000 0.6331 0.0000 0.0000 0.5000
0.0861 0.0000 0.6397 0.0000 0.0000 0.5000
0.0871 0.0000 0.6463 0.0000 0.0000 0.5000
0.0881 0.0000 0.6530 0.0000 0.0000 0.5000
0.0891 0.0000 0.6597 0.0000 0.0000 0.5000
0.0901 0.0000 0.6665 0.0000 0.0000 0.5000
0.0911 0.0000 0.6733 0.0000 0.0000 0.5000
0.0921 0.0000 0.6801 0.0000 0.0000 0.5000
0.0931 0.0000 0.6870 0.0000 0.0000 0.5000
0.0941 0.0000 0.6939 0.0000 0.0000 0.5000
0.0951 0.0000 0.7009 0.0000 0.0000 0.5000
0.0961 0.0000 0.7079 0.0000 0.0000 0.5000
0.0971 0.0000 0.7149 0.0000 0.0000 0.5000
0.0981 0.0000 0.7220 0.0000 0.0000 0.5000
0.0991 0.0000 0.7292 0.0000 0.0000 0.5000
0.1001 0.0000 0.7363 0.0000 0.0000 0.5000
0.1011 0.0000 0.7435 0.0000 0.0000 0.5000
0.1021 0.0000 0.7508 0.0000 0.0000 0.5000
0.1031 0.0000 0.7581 0.0000 0.0000 0.5000
0.1041 0.0000 0.7654 0.0000 0.0000 0.5000
0.1051 0.0000 0.7728 0.0000 0.0000 0.5000
0.1061 0.0000 0.7802 0.0000 0.0000 0.5000
0.1071 0.0000 0.7877 0.0000 0.0000 0.5000
0.1081 0.0000 0.7952 0.0000 0.0000 0.5000
0.1091 0.0000 0.8027 0.0000 0.0000 0.5000
0.1101 0.0000 0.8103 0.0000 0.0000 0.5000
0.1111 0.0000 0.8179 0.0000 0.0000 0.5000
0.1121 0.0000 0.8256 0.0000 0.0000 0.5000
0.1131 0.0000 0.8333 0.0000 0.0000 0.5000
0.1141 0.0000 0.8410 0.0000 0.0000 0.5000
0.1151 0.0000 0.8488 0.0000 0.0000 0.5000
0.1161 0.0000 0.8566 0.0000 0.0000 0.5000
0.1171 0.0000 0.8645 0.0000 0.0000 0.5000
0.1181 0.0000 0.8724 0.0000 0.0000 0.5000
0.1191 0.0000 0.8803 0.0000 0.0000 0.5000
0.1201 0.0000 0.8883 0.0000 0.0000 0.5000
0.1211 0.0000 0.8963 0.0000 0.0000 0.5000
0.1221 0.0000 0.9043 0.0000 0.0000 0.5000
0.1231 0.0000 0.9124 0.0000 0.0000 0.5000
0.1241 0.0000 0.9205 0.0000 0.0000 0.5000
0.1251 0.0000 0.9286 0.0000 0.0000 0.5000
0.1261 0.0000 0.9368 0.0000 0.0000 0.5000
0.1271 0.0000 0.9450 0.0000 0.0000 0.5000
0.1281 0.0000 0.9533 0.0000 0.0000 0.5000
0.1291 0.0000 0.9616 0.0000 0.0000 0.5000
0.1301 0.0000 0.9699 0.0000 0.0000 0.5000
0.1311 0.0000 0.9783 0.0000 0.0000 0.5000
0.1321 0.0000 0.9867 0.0000 0.0000 0.5000
0.1331 0.0000 0.9951 0.0000 0.0000 0.5000
0.1341 0.0000 1.0035 0.0000 0.0000 0.5000
0.1351 0.0000 1.0120 0.0000 0.0000 0.5000
0.1361 0.0000 1.0205 0.0000 0.0000 0.5000
0.1371 0.0000 1.0291 0.0000 0.0000 0.5000
0.1381 0.0000 1.0377 0.0000 0.0000 0.5000
0.1391 0.0000 1.0463 0.0000 0.0000 0.5000
0.1401 0.0000 1.0549 0.0000 0.0000 0.5000
0.1411 0.0000 1.0636 0.0000 0.0000 0.5000
0.1421 0.0000 1.0723 0.0000 0.0000 0.5000
0.1431 0.0000 1.0810 0.0000 0.0000 0.5000
0.1441 0.0000 1.0898 0.0000 0.0000 0.5000
0.1451 0.0000 1.0986 0.0000 0.0000 0.5000
0.1461 0.0000 1.1074 0.0000 0.0000 0.5000
0.1471 0.0000 1.1162 0.0000 0.0000 0.5000
0.1481 0.0000 1.1251 0.0000 0.0000 0.5000
0.1491 0.0000 1.1340 0.0000 0.0000 0.5000
0.1502 0.0000 1.1429 0.0000 0.0000 0.5000
0.1512 0.0000 1.1518 0.0000 0.0000 0.5000
0.1522 0.0000 1.1608 0.0000 0.0000 0.5000
0.1532 0.0000 1.1698 0.0000 0.0000 0.5000
0.1542 0.0000 1.1788 0.0000 0.0000 0.5000
0.1552 0.0000 1.1879 0.0000 0.0000 0.5000
0.1562 0.0000 1.1969 0.0000 0.0000 0.5000
0.1572 0.0000 1.2060 0.0000 0.0000 0.5000
0.1582 0.0000 1.2151 0.0000 0.0000 0.5000
0.1592 0.0000 1.2242 0.0000 0.0000 0.5000
0.1602 0.0000 1.2334 0.0000 0.0000 0.5000
0.1612 0.0000 1.2425 0.0000 0.0000 0.5000
0.1622 0.0000 1.2517 0.0000 0.0000 0.5000
0.1632 0.0000 1.2609 0.0000 0.0000 0.5000
0.1642 0.0000 1.2701 0.0000 0.0000 0.5000
0.1652 0.0000 1.2794 0.0000 0.0000 0.5000
0.1662 0.0000 1.2886 0.0000 0.0000 0.5000
0.1672 0.0000 1.2979 0.0000 0.0000 0.5000
0.1682 0.0000 1.3072 0.0000 0.0000 0.5000
0.1692 0.0000 1.3165 0.0000 0.0000 0.5000
0.1702 0.0000 1.3258 0.0000 0.0000 0.5000
0.1712 0.0000 1.3351 0.0000 0.0000 0.5000
0.1722 0.0000 1.3445 0.0000 0.0000 0.5000
0.1732 0.0000 1.3538 0.0000 0.0000 0.5000
0.1742 0.0000 1.3632 0.0000 0.0000 0.5000
0.1752 0.0000 1.3726 0.0000 0.0000 0.5000
0.1762 0.0000 1.3820 0.0000 0.0000 0.5000
0.1772 0.0000 1.3914 0.0000 0.0000 0.5000
0.1782 0.0000 1.4008 0.0000 0.0000 0.5000
0.1792 0.0000 1.4102 0.0000 0.0000 0.5000
0.1802 0.0000 1.4196 0.0000 0.0000 0.5000
0.1812 0.0000 1.4290 0.0000 0.0000 0.5000
0.1822 0.0000 1.4385 0.0000 0.0000 0.5000
0.1832 0.0000 1.4479 0.0000 0.0000 0.5000
0.1842 0.0000 1.4574 0.0000 0.0000 0.5000
0.1852 0.0000 1.4668 0.0000 0.0000 0.5000
0.1862 0.0000 1.4763 0.0000 0.0000 0.5000
0.1872 0.0000 1.4857 0.0000 0.0000 0.5000
0.1882 0.0000 1.4952 0.0000 0.0000 0.5000
0.1892 0.0000 1.5047 0.0000 0.0000 0.5000
0.1902 0.0000 1.5141 0.0000 0.0000 0.5000
0.1912 0.0000 1.5236 0.0000 0.0000 0.5000
0.1922 0.0000 1.5330 0.0000 0.0000 0.5000
0.1932 0.0000 1.5425 0.0000 0.0000 0.5000
0.1942 0.0000 1.5520 0.0000 0.0000 0.5000
0.1952 0.0000 1.5614 0.0000 0.0000 0.5000
0.1962 0.0000 1.5709 0.0000 0.0000 0.5000
0.1972 0.0000 1.5803 0.0000 0.0000 0.5000
0.1982 0.0000 1.5897 0.0000 0.0000 0.5000
0.1992 0.0000 1.5992 0.0000 0.0000 0.5000
0.2002 0.0000 1.6086 0.0000 0.0000 0.5000
0.2012 0.0000 1.6180 0.0000 0.0000 0.5000
0.2022 0.0000 1.6274 0.0000 0.0000 0.5000
0.2032 0.0000 1.6368 0.0000 0.0000 0.5000
0.2042 0.0000 1.6462 0.0000 0.0000 0.5000
0.2052 0.0001 1.6556 0.0000 0.0001 0.5000
0.2062 0.0001 1.6650 0.0000 0.0001 0.5000
0.2072 0.0001 1.6743 0.0000 0.0001 0.5000
0.2082 0.0001 1.6837 0.0000 0.0001 0.5000
0.2092 0.0001 1.6930 0.0000 0.0001 0.5000
0.2102 0.0001 1.7023 0.0000 0.0001 0.5000
0.2112 0.0001 1.7116 0.0000 0.0001 0.5000
0.2122 0.0001 1.7209 0.0000 0.0001 0.5000
0.2132 0.0001 1.7301 0.0000 0.0001 0.5000
0.2142 0.0001 1.7394 0.0000 0.0001 0.5000
0.2152 0.0001 1.7486 0.0000 0.0001 0.5000
0.2162 0.0001 1.7578 0.0000 0.0001 0.5000
0.2172 0.0001 1.7670 0.0000 0.0001 0.5000
0.2182 0.0001 1.7762 0.0000 0.0001 0.5000
0.2192 0.0001 1.7853 0.0000 0.0001 0.5000
0.2202 0.0001 1.7944 0.0000 0.0001 0.5000
0.2212 0.0001 1.8035 0.0000 0.0001 0.5000
0.2222 0.0001 1.8126 0.0000 0.0001 0.5000
0.2232 0.0001 1.8216 0.0000 0.0001 0.5000
0.2242 0.0001 1.8306 0.0000 0.0001 0.5000
0.2252 0.0001 1.8396 0.0000 0.0001 0.5000
0.2262 0.0001 1.8486 0.0000 0.0001 0.5000
0.2272 0.0001 1.8575 0.0000 0.0001 0.5000
0.2282 0.0001 1.8664 0.0000 0.0001 0.5000
0.2292 0.0002 1.8753 0.0000 0.0002 0.5000
0.2302 0.0002 1.8841 0.0000 0.0002 0.5000
0.2312 0.0002 1.8929 0.0000 0.0002 0.5000
0.2322 0.0002 1.9017 0.0000 0.0002 0.5000
0.2332 0.0002 1.9105 0.0000 0.0002 0.5000
0.2342 0.0002 1.9192 0.0000 0.0002 0.5000
0.2352 0.0002 1.9278 0.0000 0.0002 0.5000
0.2362 0.0002 1.9365 0.0000 0.0002 0.5000
0.2372 0.0002 1.9451 0.0000 0.0002 0.5000
0.2382 0.0002 1.9536 0.0000 0.0002 0.5000
0.2392 0.0002 1.9621 0.0000 0.0002 0.5000
0.2402 0.0003 1.9706 0.0000 0.0003 0.5000
0.2412 0.0003 1.9791 0.0000 0.0003 0.5000
0.2422 0.0003 1.9874 0.0000 0.0003 0.5000
0.2432 0.0003 1.9958 0.0000 0.0003 0.5000
0.2442 0.0003 2.0041 0.0000 0.0003 0.5000
0.2452 0.0003 2.0124 0.0000 0.0003 0.5000
0.2462 0.0003 2.0206 0.0000 0.0003 0.5000
0.2472 0.0003 2.0288 0.0000 0.0003 0.5000
0.2482 0.0004 2.0369 0.0000 0.0004 0.5000
0.2492 0.0004 2.0450 0.0000 0.0004 0.5000
0.2503 0.0004 2.0530 0.0000 0.0004 0.5000
0.2513 0.0004 2.0610 0.0000 0.0004 0.5000
0.2523 0.0004 2.0689 0.0000 0.0004 0.5000
0.2533 0.0004 2.0768 0.0000 0.0004 0.5000
0.2543 0.0005 2.0846 0.0000 0.0005 0.5000
0.2553 0.0005 2.0924 0.0000 0.0005 0.5000
0.2563 0.0005 2.1001 0.0000 0.0005 0.5000
0.2573 0.0005 2.1078 0.0000 0.0005 0.5000
0.2583 0.0005 2.1154 0.0000 0.0005 0.5000
0.2593 0.0006 2.1230 0.0000 0.0006 0.5000
0.2603 0.0006 2.1305 0.0000 0.0006 0.5000
0.2613 0.0006 2.1379 0.0000 0.0006 0.5000
0.2623 0.0006 2.1453 0.0000 0.0006 0.5000
0.2633 0.0007 2.1527 0.0000 0.0007 0.5000
0.2643 0.0007 2.1599 0.0000 0.0007 0.5000
0.2653 0.0007 2.1671 0.0000 0.0007 0.5000
0.2663 0.0008 2.1743 0.0000 0.0008 0.5000
0.2673 0.0008 2.1814 0.0000 0.0008 0.5000
0.2683 0.0008 2.1884 0.0000 0.0008 0.5000
0.2693 0.0009 2.1954 0.0000 0.0009 0.5000
0.2703 0.0009 2.2023 0.0000 0.0009 0.5000
0.2713 0.0009 2.2091 0.0000 0.0009 0.5000
0.2723 0.0010 2.2159 0.0000 0.0010 0.5000
0.2733 0.0010 2.2226 0.0000 0.0010 0.5000
0.2743 0.0011 2.2292 0.0000 0.0011 0.5000
0.2753 0.0011 2.2358 0.0000 0.0011 0.5000
0.2763 0.0012 2.2423 0.0000 0.0012 0.5000
0.2773 0.0012 2.2487 0.0000 0.0012 0.5000
0.2783 0.0012 2.2551 0.0000 0.0012 0.5000
0.2793 0.0013 2.2613 0.0000 0.0013 0.5000
0.2803 0.0014 2.2676 0.0000 0.0014 0.5000
0.2813 0.0014 2.2737 0.0000 0.0014 0.5000
0.2823 0.0015 2.2798 0.0000 0.0015 0.5000
0.2833 0.0015 2.2858 0.0000 0.0015 0.5000
0.2843 0.0016 2.2917 0.0000 0.0016 0.5000
0.2853 0.0017 2.2976 0.0000 0.0017 0.5000
0.2863 0.0017 2.3033 0.0000 0.0017 0.5000
0.2873 0.0018 2.3090 0.0000 0.0018 0.5000
0.2883 0.0019 2.3147 0.0000 0.0019 0.5000
0.2893 0.0019 2.3202 0.0000 0.0019 0.5000
0.2903 0.0020 2.3257 0.0000 0.0020 0.5000
0.2913 0.0021 2.3311 0.0000 0.0021 0.5000
0.2923 0.0022 2.3364 0.0000 0.0022 0.5000
0.2933 0.0023 2.3416 0.0000 0.0023 0.5000
0.2943 0.0023 2.3468 0.0000 0.0023 0.5000
0.2953 0.0024 2.3518 0.0000 0.0024 0.5000
0.2963 0.0025 2.3568 0.0000 0.0025 0.5000
0.2973 0.0026 2.3617 0.0000 0.0026 0.5000
0.2983 0.0027 2.3666 0.0000 0.0027 0.5000
0.2993 0.0028 2.3713 0.0000 0.0028 0.5000
0.3003 0.0030 2.3760 0.0000 0.0030 0.5000
0.3013 0.0031 2.3805 0.0000 0.0031 0.5000
0.3023 0.0032 2.3850 0.0000 0.0032 0.5000
0.3033 0.0033 2.3894 0.0000 0.0033 0.5000
0.3043 0.0034 2.3937 0.0000 0.0034 0.5000
0.3053 0.0036 2.3980 0.0000 0.0036 0.5000
0.3063 0.0037 2.4021 0.0000 0.0037 0.5000
0.3073 0.0038 2.4062 0.0000 0.0038 0.5000
0.3083 0.0040 2.4102 0.0000 0.0040 0.5000
0.3093 0.0041 2.4140 0.0000 0.0041 0.5000
0.3103 0.0043 2.4178 0.0000 0.0043 0.5000
0.3113 0.0045 2.4216 0.0000 0.0045 0.5000
0.3123 0.0046 2.4252 0.0000 0.0046 0.5000
0.3133 0.0048 2.4287 0.0000 0.0048 0.5000
0.3143 0.0050 2.4321 0.0000 0.0050 0.5000
0.3153 0.0052 2.4355 0.0000 0.0052 0.5000
0.3163 0.0054 2.4387 0.0000 0.0054 0.5000
0.3173 0.0056 2.4419 0.0000 0.0056 0.5000
0.3183 0.0058 2.4450 0.0000 0.0058 0.5000
0.3193 0.0060 2.4480 0.0000 0.0060 0.5000
0.3203 0.0062 2.4509 0.0000 0.0062 0.5000
0.3213 0.0064 2.4537 0.0000 0.0064 0.5000
0.3223 0.0067 2.4564 0.0000 0.0067 0.5000
0.3233 0.0069 2.4590 0.0000 0.0069 0.5000
0.3243 0.0071 2.4615 0.0000 0.0071 0.5000
0.3253 0.0074 2.4639 0.0000 0.0074 0.5000
0.3263 0.0077 2.4662 0.0000 0.0077 0.5000
0.3273 0.0079 2.4685 0.0000 0.0079 0.5000
0.3283 0.0082 2.4706 0.0000 0.0082 0.5000
0.3293 0.0085 2.4727 0.0000 0.0085 0.5000
0.3303 0.0088 2.4746 0.0000 0.0088 0.5000
0.3313 0.0091 2.4765 0.0000 0.0091 0.5000
0.3323 0.0095 2.4782 0.0000 0.0095 0.5000
0.3333 0.0098 2.4799 0.0000 0.0098 0.5000
0.3343 0.0101 2.4815 0.0000 0.0101 0.5000
0.3353 0.0105 2.4829 0.0000 0.0105 0.5000
0.3363 0.0109 2.4843 0.0000 0.0109 0.5000
0.3373 0.0113 2.4856 0.0000 0.0113 0.5000
0.3383 0.0116 2.4868 0.0000 0.0116 0.5000
0.3393 0.0120 2.4879 0.0000 0.0120 0.5000
0.3403 0.0125 2.4888 0.0000 0.0125 0.5000
0.3413 0.0129 2.4897 0.0000 0.0129 0.5000
0.3423 0.0133 2.4905 0.0000 0.0133 0.5000
0.3433 0.0138 2.4912 0.0000 0.0138 0.5000
0.3443 0.0143 2.4918 0.0000 0.0143 0.5000
0.3453 0.0148 2.4923 0.0000 0.0148 0.5000
0.3463 0.0153 2.4927 0.0000 0.0153 0.5000
0.3473 0.0158 2.4930 0.0000 0.0158 0.5000
0.3483 0.0163 2.4933 0.0000 0.0163 0.5000
0.3493 0.0169 2.4934 0.0000 0.0169 0.5000
0.3504 0.0174 2.4934 0.0000 0.0174 0.5000
0.3514 0.0180 2.4933 0.0000 0.0180 0.5000
0.3524 0.0186 2.4931 0.0000 0.0186 0.5000
0.3534 0.0192 2.4928 0.0000 0.0192 0.5000
0.3544 0.0199 2.4925 0.0000 0.0199 0.5000
0.3554 0.0205 2.4920 0.0000 0.0205 0.5000
0.3564 0.0212 2.4914 0.0000 0.0212 0.5000
0.3574 0.0219 2.4908 0.0000 0.0219 0.5000
0.3584 0.0226 2.4900 0.0000 0.0226 0.5000
0.3594 0.0234 2.4891 0.0000 0.0234 0.5000
0.3604 0.0241 2.4882 0.0000 0.0241 0.5000
0.3614 0.0249 2.4871 0.0000 0.0249 0.5000
0.3624 0.0257 2.4860 0.0000 0.0257 0.5000
0.3634 0.0265 2.4847 0.0000 0.0265 0.5000
0.3644 0.0274 2.4834 0.0000 0.0274 0.5000
0.3654 0.0283 2.4819 0.0000 0.0283 0.5000
0.3664 0.0292 2.4804 0.0000 0.0292 0.5000
0.3674 0.0301 2.4787 0.0000 0.0301 0.5000
0.3684 0.0311 2.4770 0.0000 0.0311 0.5000
0.3694 0.0320 2.4752 0.0000 0.0320 0.5000
0.3704 0.0330 2.4733 0.0000 0.0330 0.5000
0.3714 0.0341 2.4712 0.0000 0.0341 0.5000
0.3724 0.0352 2.4691 0.0000 0.0352 0.5000
0.3734 0.0362 2.4669 0.0000 0.0362 0.5000
0.3744 0.0374 2.4646 0.0000 0.0374 0.5000
0.3754 0.0385 2.4622 0.0000 0.0385 0.5000
0.3764 0.0397 2.4597 0.0000 0.0397 0.5000
0.3774 0.0410 2.4572 0.0000 0.0410 0.5000
0.3784 0.0422 2.4545 0.0000 0.0422 0.5000
0.3794 0.0435 2.4517 0.0000 0.0435 0.5000
0.3804 0.0448 2.4488 0.0000 0.0448 0.5000
0.3814 0.0462 2.4459 0.0000 0.0462 0.5000
0.3824 0.0476 2.4428 0.0000 0.0476 0.5000
0.3834 0.0490 2.4397 0.0000 0.0490 0.5000
0.3844 0.0505 2.4365 0.0000 0.0505 0.5000
0.3854 0.0520 2.4332 0.0000 0.0520 0.5000
0.3864 0.0536 2.4297 0.0000 0.0536 0.5000
0.3874 0.0552 2.4262 0.0000 0.0552 0.5000
0.3884 0.0568 2.4226 0.0000 0.0568 0.5000
0.3894 0.0585 2.4190 0.0000 0.0585 0.5000
0.3904 0.0602 2.4152 0.0000 0.0602 0.5000
0.3914 0.0620 2.4113 0.0000 0.0620 0.5000
0.3924 0.0638 2.4074 0.0000 0.0638 0.5000
0.3934 0.0656 2.4034 0.0000 0.0656 0.5000
0.3944 0.0676 2.3992 0.0000 0.0676 0.5000
0.3954 0.0695 2.3950 0.0000 0.0695 0.5000
0.3964 0.0715 2.3907 0.0000 0.0715 0.5000
0.3974 0.0736 2.3864 0.0000 0.0736 0.5000
0.3984 0.0757 2.3819 0.0000 0.0757 0.5000
0.3994 0.0778 2.3773 0.0000 0.0778 0.5000
0.4004 0.0800 2.3727 0.0000 0.0800 0.5000
0.4014 0.0823 2.3680 0.0000 0.0823 0.5000
0.4024 0.0846 2.3632 0.0000 0.0846 0.5000
0.4034 0.0870 2.3583 0.0000 0.0870 0.5000
0.4044 0.0895 2.3533 0.0000 0.0895 0.5000
0.4054 0.0920 2.3483 0.0000 0.0920 0.5000
0.4064 0.0945 2.3432 0.0000 0.0945 0.5000
0.4074 0.0971 2.3380 0.0000 0.0971 0.5000
0.4084 0.0998 2.3327 0.0000 0.0998 0.5000
0.4094 0.1026 2.3273 0.0000 0.1026 0.5000
0.4104 0.1054 2.3219 0.0000 0.1054 0.5000
0.4114 0.1082 2.3163 0.0000 0.1082 0.5000
0.4124 0.1112 2.3107 0.0000 0.1112 0.5000
0.4134 0.1142 2.3051 0.0000 0.1142 0.5000
0.4144 0.1173 2.2993 0.0000 0.1173 0.5000
0.4154 0.1204 2.2935 0.0000 0.1204 0.5000
0.4164 0.1237 2.2876 0.0000 0.1237 0.5000
0.4174 0.1270 2.2816 0.0000 0.1270 0.5000
0.4184 0.1303 2.2755 0.0000 0.1303 0.5000
0.4194 0.1338 2.2694 0.0000 0.1338 0.5000
0.4204 0.1373 2.2632 0.0000 0.1373 0.5000
0.4214 0.1409 2.2569 0.0000 0.1409 0.5000
0.4224 0.1446 2.2506 0.0000 0.1446 0.5000
0.4234 0.1484 2.2442 0.0000 0.1484 0.5000
0.4244 0.1522 2.2377 0.0000 0.1522 0.5000
0.4254 0.1562 2.2312 0.0000 0.1562 0.5000
0.4264 0.1602 2.2246 0.0000 0.1602 0.5000
0.4274 0.1643 2.2179 0.0000 0.1643 0.5000
0.4284 0.1685 2.2111 0.0000 0.1685 0.5000
0.4294 0.1728 2.2043 0.0000 0.1728 0.5000
0.4304 0.1772 2.1974 0.0000 0.1772 0.5000
0.4314 0.1817 2.1905 0.0000 0.1817 0.5000
0.4324 0.1862 2.1835 0.0000 0.1862 0.5000
0.4334 0.1909 2.1764 0.0000 0.1909 0.5000
0.4344 0.1956 2.1693 0.0000 0.1956 0.5000
0.4354 0.2005 2.1621 0.0000 0.2005 0.5000
0.4364 0.2055 2.1548 0.0000 0.2055 0.5000
0.4374 0.2105 2.1475 0.0000 0.2105 0.5000
0.4384 0.2157 2.1402 0.0000 0.2157 0.5000
0.4394 0.2209 2.1327 0.0000 0.2209 0.5000
0.4404 0.2263 2.1252 0.0000 0.2263 0.5000
0.4414 0.2318 2.1177 0.0000 0.2318 0.5000
0.4424 0.2374 2.1101 0.0000 0.2374 0.5000
0.4434 0.2431 2.1024 0.0000 0.2431 0.5000
0.4444 0.2489 2.0947 0.0000 0.2489 0.5000
0.4454 0.2548 2.0870 0.0000 0.2548 0.5000
0.4464 0.2609 2.0792 0.0000 0.2609 0.5000
0.4474 0.2670 2.0713 0.0000 0.2670 0.5000
0.4484 0.2733 2.0634 0.0000 0.2733 0.5000
0.4494 0.2797 2.0554 0.0000 0.2797 0.5000
0.4505 0.2862 2.0474 0.0000 0.2862 0.5000
0.4515 0.2929 2.0393 0.0000 0.2929 0.5000
0.4525 0.2996 2.0312 0.0000 0.2996 0.5000
0.4535 0.3065 2.0231 0.0000 0.3065 0.5000
0.4545 0.3135 2.0148 0.0000 0.3135 0.5000
0.4555 0.3207 2.0066 0.0000 0.3207 0.5000
0.4565 0.3279 1.9983 0.0000 0.3279 0.5000
0.4575 0.3353 1.9900 0.0000 0.3353 0.5000
0.4585 0.3429 1.9816 0.0000 0.3429 0.5000
0.4595 0.3505 1.9732 0.0000 0.3505 0.5000
0.4605 0.3584 1.9647 0.0000 0.3584 0.5000
0.4615 0.3663 1.9562 0.0000 0.3663 0.5000
0.4625 0.3744 1.9476 0.0000 0.3744 0.5000
0.4635 0.3826 1.9391 0.0000 0.3826 0.5000
0.4645 0.3910 1.9304 0.0000 0.3910 0.5000
0.4655 0.3995 1.9218 0.0000 0.3995 0.5000
0.4665 0.4081 1.9131 0.0000 0.4081 0.5000
0.4675 0.4169 1.9043 0.0000 0.4169 0.5000
0.4685 0.4259 1.8956 0.0000 0.4259 0.5000
0.4695 0.4350 1.8868 0.0000 0.4350 0.5000
0.4705 0.4442 1.8780 0.0000 0.4442 0.5000
0.4715 0.4536 1.8691 0.0000 0.4536 0.5000
0.4725 0.4631 1.8602 0.0000 0.4631 0.5000
0.4735 0.4728 1.8513 0.0000 0.4728 0.5000
0.4745 0.4827 1.8423 0.0000 0.4827 0.5000
0.4755 0.4927 1.8333 0.0000 0.4927 0.5000
0.4765 0.5029 1.8243 0.0000 0.5029 0.5000
0.4775 0.5132 1.8153 0.0000 0.5132 0.5000
0.4785 0.5237 1.8062 0.0000 0.5237 0.5000
0.4795 0.5343 1.7972 0.0000 0.5343 0.5000
0.4805 0.5451 1.7880 0.0000 0.5451 0.5000
0.4815 0.5561 1.7789 0.0000 0.5561 0.5000
0.4825 0.5672 1.7697 0.0000 0.5672 0.5000
0.4835 0.5785 1.7606 0.0000 0.5785 0.5000
0.4845 0.5900 1.7514 0.0000 0.5900 0.5000
0.4855 0.6016 1.7422 0.0000 0.6016 0.5000
0.4865 0.6134 1.7329 0.0000 0.6134 0.5000
0.4875 0.6254 1.7237 0.0000 0.6254 0.5000
0.4885 0.6375 1.7144 0.0000 0.6375 0.5000
0.4895 0.6498 1.7051 0.0000 0.6498 0.5000
0.4905 0.6623 1.6958 0.0000 0.6623 0.5000
0.4915 0.6749 1.6865 0.0000 0.6749 0.5000
0.4925 0.6878 1.6771 0.0000 0.6878 0.5000
0.4935 0.7008 1.6678 0.0000 0.7008 0.5000
0.4945 0.7139 1.6584 0.0000 0.7139 0.5000
0.4955 0.7273 1.6490 0.0000 0.7273 0.5000
0.4965 0.7408 1.6396 0.0000 0.7408 0.5000
0.4975 0.7545 1.6302 0.0000 0.7545 0.5000
0.4985 0.7684 1.6208 0.0000 0.7684 0.5000
0.4995 0.7824 1.6114 0.0000 0.7824 0.5000
0.5005 0.7966 1.6020 1.6020 0.0000 0.5000
0.5015 0.8110 1.5926 1.5926 0.0000 0.5000
0.5025 0.8256 1.5831 1.5831 0.0000 0.5000
0.5035 0.8404 1.5737 1.5737 0.0000 0.5000
0.5045 0.8553 1.5642 1.5642 0.0000 0.5000
0.5055 0.8704 1.5548 1.5548 0.0000 0.5000
0.5065 0.8857 1.5453 1.5453 0.0000 0.5000
0.5075 0.9012 1.5359 1.5359 0.0000 0.5000
0.5085 0.9168 1.5264 1.5264 0.0000 0.5000
0.5095 0.9327 1.5170 1.5170 0.0000 0.5000
0.5105 0.9487 1.5075 1.5075 0.0000 0.5000
0.5115 0.9649 1.4980 1.4980 0.0000 0.5000
0.5125 0.9812 1.4886 1.4886 0.0000 0.5000
0.5135 0.9978 1.4791 1.4791 0.0000 0.5000
0.5145 1.0145 1.4697 1.4697 0.0000 0.5000
0.5155 1.0314 1.4602 1.4602 0.0000 0.5000
0.5165 1.0484 1.4508 1.4508 0.0000 0.5000
0.5175 1.0657 1.4413 1.4413 0.0000 0.5000
0.5185 1.0831 1.4319 1.4319 0.0000 0.5000
0.5195 1.1007 1.4224 1.4224 0.0000 0.5000
0.5205 1.1185 1.4130 1.4130 0.0000 0.5000
0.5215 1.1364 1.4036 1.4036 0.0000 0.5000
0.5225 1.1545 1.3942 1.3942 0.0000 0.5000
0.5235 1.1728 1.3848 1.3848 0.0000 0.5000
0.5245 1.1913 1.3754 1.3754 0.0000 0.5000
0.5255 1.2099 1.3660 1.3660 0.0000 0.5000
0.5265 1.2287 1.3566 1.3566 0.0000 0.5000
0.5275 1.2476 1.3473 1.3473 0.0000 0.5000
0.5285 1.2668 1.3379 1.3379 0.0000 0.5000
0.5295 1.2861 1.3286 1.3286 0.0000 0.5000
0.5305 1.3055 1.3193 1.3193 0.0000 0.5000
0.5315 1.3251 1.3100 1.3100 0.0000 0.5000
0.5325 1.3449 1.3007 1.3007 0.0000 0.5000
0.5335 1.3648 1.2914 1.2914 0.0000 0.5000
0.5345 1.3849 1.2822 1.2822 0.0000 0.5000
0.5355 1.4052 1.2729 1.2729 0.0000 0.5000
0.5365 1.4256 1.2637 1.2637 0.0000 0.5000
0.5375 1.4461 1.2545 1.2545 0.0000 0.5000
0.5385 1.4668 1.2453 1.2453 0.0000 0.5000
0.5395 1.4876 1.2361 1.2361 0.0000 0.5000
0.5405 1.5086 1.2270 1.2270 0.0000 0.5000
0.5415 1.5298 1.2178 1.2178 0.0000 0.5000
0.5425 1.5510 1.2087 1.2087 0.0000 0.5000
0.5435 1.5724 1.1996 1.1996 0.0000 0.5000
0.5445 1.5940 1.1906 1.1906 0.0000 0.5000
0.5455 1.6157 1.1815 1.1815 0.0000 0.5000
0.5465 1.6375 1.1725 1.1725 0.0000 0.5000
0.5475 1.6594 1.1635 1.1635 0.0000 0.5000
0.5485 1.6815 1.1545 1.1545 0.0000 0.5000
0.5495 1.7037 1.1456 1.1456 0.0000 0.5000
0.5506 1.7260 1.1367 1.1367 0.0000 0.5000
0.5516 1.7484 1.1277 1.1277 0.0000 0.5000
0.5526 1.7709 1.1189 1.1189 0.0000 0.5000
0.5536 1.7936 1.1100 1.1100 0.0000 0.5000
0.5546 1.8163 1.1012 1.1012 0.0000 0.5000
0.5556 1.8392 1.0924 1.0924 0.0000 0.5000
0.5566 1.8622 1.0836 1.0836 0.0000 0.5000
0.5576 1.8852 1.0749 1.0749 0.0000 0.5000
0.5586 1.9084 1.0662 1.0662 0.0000 0.5000
0.5596 1.9316 1.0575 1.0575 0.0000 0.5000
0.5606 1.9549 1.0489 1.0489 0.0000 0.5000
0.5616 1.9784 1.0402 1.0402 0.0000 0.5000
0.5626 2.0018 1.0317 1.0317 0.0000 0.5000
0.5636 2.0254 1.0231 1.0231 0.0000 0.5000
0.5646 2.0491 1.0146 1.0146 0.0000 0.5000
0.5656 2.0728 1.0061 1.0061 0.0000 0.5000
0.5666 2.0965 0.9976 0.9976 0.0000 0.5000
0.5676 2.1204 0.9892 0.9892 0.0000 0.5000
0.5686 2.1443 0.9808 0.9808 0.0000 0.5000
0.5696 2.1682 0.9724 0.9724 0.0000 0.5000
0.5706 2.1922 0.9641 0.9641 0.0000 0.5000
0.5716 2.2162 0.9558 0.9558 0.0000 0.5000
0.5726 2.2403 0.9475 0.9475 0.0000 0.5000
0.5736 2.2644 0.9393 0.9393 0.0000 0.5000
0.5746 2.2886 0.9311 0.9311 0.0000 0.5000
0.5756 2.3127 0.9229 0.9229 0.0000 0.5000
0.5766 2.3369 0.9148 0.9148 0.0000 0.5000
0.5776 2.3611 0.9067 0.9067 0.0000 0.5000
0.5786 2.3853 0.8987 0.8987 0.0000 0.5000
0.5796 2.4095 0.8907 0.8907 0.0000 0.5000
0.5806 2.4338 0.8827 0.8827 0.0000 0.5000
0.5816 2.4580 0.8747 0.8747 0.0000 0.5000
0.5826 2.4822 0.8668 0.8668 0.0000 0.5000
0.5836 2.5064 0.8590 0.8590 0.0000 0.5000
0.5846 2.5306 0.8512 0.8512 0.0000 0.5000
0.5856 2.5547 0.8434 0.8434 0.0000 0.5000
0.5866 2.5788 0.8356 0.8356 0.0000 0.5000
0.5876 2.6029 0.8279 0.8279 0.0000 0.5000
0.5886 2.6270 0.8202 0.8202 0.0000 0.5000
0.5896 2.6510 0.8126 0.8126 0.0000 0.5000
0.5906 2.6750 0.8050 0.8050 0.0000 0.5000
0.5916 2.6989 0.7975 0.7975 0.0000 0.5000
0.5926 2.7228 0.7899 0.7899 0.0000 0.5000
0.5936 2.7465 0.7825 0.7825 0.0000 0.5000
0.5946 2.7703 0.7750 0.7750 0.0000 0.5000
0.5956 2.7939 0.7676 0.7676 0.0000 0.5000
0.5966 2.8175 0.7603 0.7603 0.0000 0.5000
0.5976 2.8410 0.7530 0.7530 0.0000 0.5000
0.5986 2.8643 0.7457 0.7457 0.0000 0.5000
0.5996 2.8876 0.7385 0.7385 0.0000 0.5000
0.6006 2.9108 0.7313 0.7313 0.0000 0.5000
0.6016 2.9339 0.7242 0.7242 0.0000 0.5000
0.6026 2.9569 0.7171 0.7171 0.0000 0.5000
0.6036 2.9797 0.7100 0.7100 0.0000 0.5000
0.6046 3.0024 0.7030 0.7030 0.0000 0.5000
0.6056 3.0250 0.6960 0.6960 0.0000 0.5000
0.6066 3.0475 0.6891 0.6891 0.0000 0.5000
0.6076 3.0698 0.6822 0.6822 0.0000 0.5000
0.6086 3.0920 0.6753 0.6753 0.0000 0.5000
0.6096 3.1140 0.6685 0.6685 0.0000 0.5000
0.6106 3.1359 0.6617 0.6617 0.0000 0.5000
0.6116 3.1576 0.6550 0.6550 0.0000 0.5000
0.6126 3.1791 0.6483 0.6483 0.0000 0.5000
0.6136 3.2004 0.6417 0.6417 0.0000 0.5000
0.6146 3.2216 0.6351 0.6351 0.0000 0.5000
0.6156 3.2426 0.6286 0.6286 0.0000 0.5000
0.6166 3.2634 0.6221 0.6221 0.0000 0.5000
0.6176 3.2840 0.6156 0.6156 0.0000 0.5000
0.6186 3.3044 0.6092 0.6092 0.0000 0.5000
0.6196 3.3246 0.6028 0.6028 0.0000 0.5000
0.6206 3.3446 0.5965 0.5965 0.0000 0.5000
0.6216 3.3644 0.5902 0.5902 0.0000 0.5000
0.6226 3.3839 0.5839 0.5839 0.0000 0.5000
0.6236 3.4033 0.5777 0.5777 0.0000 0.5000
0.6246 3.4223 0.5716 0.5716 0.0000 0.5000
0.6256 3.4412 0.5654 0.5654 0.0000 0.5000
0.6266 3.4598 0.5594 0.5594 0.0000 0.5000
0.6276 3.4782 0.5533 0.5533 0.0000 0.5000
0.6286 3.4963 0.5474 0.5474 0.0000 0.5000
0.6296 3.5141 0.5414 0.5414 0.0000 0.5000
0.6306 3.5317 0.5355 0.5355 0.0000 0.5000
0.6316 3.5490 0.5297 0.5297 0.0000 0.5000
0.6326 3.5661 0.5239 0.5239 0.0000 0.5000
0.6336 3.5828 0.5181 0.5181 0.0000 0.5000
0.6346 3.5993 0.5124 0.5124 0.0000 0.5000
0.6356 3.6155 0.5067 0.5067 0.0000 0.5000
0.6366 3.6314 0.5010 0.5010 0.0000 0.5000
0.6376 3.6470 0.4955 0.4955 0.0000 0.5000
0.6386 3.6624 0.4899 0.4899 0.0000 0.5000
0.6396 3.6774 0.4844 0.4844 0.0000 0.5000
0.6406 3.6921 0.4789 0.4789 0.0000 0.5000
0.6416 3.7065 0.4735 0.4735 0.0000 0.5000
0.6426 3.7205 0.4681 0.4681 0.0000 0.5000
0.6436 3.7343 0.4628 0.4628 0.0000 0.5000
0.6446 3.7477 0.4575 0.4575 0.0000 0.5000
0.6456 3.7608 0.4523 0.4523 0.0000 0.5000
0.6466 3.7736 0.4470 0.4470 0.0000 0.5000
0.6476 3.7860 0.4419 0.4419 0.0000 0.5000
0.6486 3.7981 0.4368 0.4368 0.0000 0.5000
0.6496 3.8098 0.4317 0.4317 0.0000 0.5000
0.6507 3.8212 0.4266 0.4266 0.0000 0.5000
0.6517 3.8323 0.4217 0.4217 0.0000 0.5000
0.6527 3.8430 0.4167 0.4167 0.0000 0.5000
0.6537 3.8533 0.4118 0.4118 0.0000 0.5000
0.6547 3.8633 0.4069 0.4069 0.0000 0.5000
0.6557 3.8729 0.4021 0.4021 0.0000 0.5000
0.6567 3.8822 0.3973 0.3973 0.0000 0.5000
0.6577 3.8911 0.3926 0.3926 0.0000 0.5000
0.6587 3.8996 0.3879 0.3879 0.0000 0.5000
0.6597 3.9077 0.3832 0.3832 0.0000 0.5000
0.6607 3.9155 0.3786 0.3786 0.0000 0.5000
0.6617 3.9229 0.3740 0.3740 0.0000 0.5000
0.6627 3.9299 0.3695 0.3695 0.0000 0.5000
0.6637 3.9365 0.3650 0.3650 0.0000 0.5000
0.6647 3.9428 0.3605 0.3605 0.0000 0.5000
0.6657 3.9486 0.3561 0.3561 0.0000 0.5000
0.6667 3.9541 0.3517 0.3517 0.0000 0.5000
0.6677 3.9592 0.3474 0.3474 0.0000 0.5000
0.6687 3.9639 0.3431 0.3431 0.0000 0.5000
0.6697 3.9682 0.3388 0.3388 0.0000 0.5000
0.6707 3.9721 0.3346 0.3346 0.0000 0.5000
0.6717 3.9756 0.3304 0.3304 0.0000 0.5000
0.6727 3.9787 0.3263 0.3263 0.0000 0.5000
0.6737 3.9814 0.3222 0.3222 0.0000 0.5000
0.6747 3.9838 0.3182 0.3182 0.0000 0.5000
0.6757 3.9857 0.3141 0.3141 0.0000 0.5000
0.6767 3.9872 0.3102 0.3102 0.0000 0.5000
0.6777 3.9883 0.3062 0.3062 0.0000 0.5000
0.6787 3.9891 0.3023 0.3023 0.0000 0.5000
0.6797 3.9894 0.2984 0.2984 0.0000 0.5000
0.6807 3.9893 0.2946 0.2946 0.0000 0.5000
0.6817 3.9889 0.2908 0.2908 0.0000 0.5000
0.6827 3.9880 0.2871 0.2871 0.0000 0.5000
0.6837 3.9867 0.2834 0.2834 0.0000 0.5000
0.6847 3.9850 0.2797 0.2797 0.0000 0.5000
0.6857 3.9830 0.2760 0.2760 0.0000 0.5000
0.6867 3.9805 0.2724 0.2724 0.0000 0.5000
0.6877 3.9777 0.2689 0.2689 0.0000 0.5000
0.6887 3.9744 0.2653 0.2653 0.0000 0.5000
0.6897 3.9707 0.2618 0.2618 0.0000 0.5000
0.6907 3.9667 0.2584 0.2584 0.0000 0.5000
0.6917 3.9622 0.2549 0.2549 0.0000 0.5000
0.6927 3.9574 0.2516 0.2516 0.0000 0.5000
0.6937 3.9522 0.2482 0.2482 0.0000 0.5000
0.6947 3.9466 0.2449 0.2449 0.0000 0.5000
0.6957 3.9406 0.2416 0.2416 0.0000 0.5000
0.6967 3.9342 0.2384 0.2384 0.0000 0.5000
0.6977 3.9274 0.2351 0.2351 0.0000 0.5000
0.6987 3.9203 0.2320 0.2320 0.0000 0.5000
0.6997 3.9128 0.2288 0.2288 0.0000 0.5000
0.7007 3.9049 0.2257 0.2257 0.0000 0.5000
0.7017 3.8966 0.2226 0.2226 0.0000 0.5000
0.7027 3.8879 0.2196 0.2196 0.0000 0.5000
0.7037 3.8789 0.2166 0.2166 0.0000 0.5000
0.7047 3.8695 0.2136 0.2136 0.0000 0.5000
0.7057 3.8598 0.2106 0.2106 0.0000 0.5000
0.7067 3.8497 0.2077 0.2077 0.0000 0.5000
0.7077 3.8392 0.2049 0.2049 0.0000 0.5000
0.7087 3.8284 0.2020 0.2020 0.0000 0.5000
0.7097 3.8172 0.1992 0.1992 0.0000 0.5000
0.7107 3.8057 0.1964 0.1964 0.0000 0.5000
0.7117 3.7938 0.1936 0.1936 0.0000 0.5000
0.7127 3.7816 0.1909 0.1909 0.0000 0.5000
0.7137 3.7690 0.1882 0.1882 0.0000 0.5000
0.7147 3.7561 0.1856 0.1856 0.0000 0.5000
0.7157 3.7429 0.1829 0.1829 0.0000 0.5000
0.7167 3.7294 0.1803 0.1803 0.0000 0.5000
0.7177 3.7155 0.1778 0.1778 0.0000 0.5000
0.7187 3.7013 0.1752 0.1752 0.0000 0.5000
0.7197 3.6868 0.1727 0.1727 0.0000 0.5000
0.7207 3.6720 0.1702 0.1702 0.0000 0.5000
0.7217 3.6569 0.1678 0.1678 0.0000 0.5000
0.7227 3.6415 0.1654 0.1654 0.0000 0.5000
0.7237 3.6257 0.1630 0.1630 0.0000 0.5000
0.7247 3.6097 0.1606 0.1606 0.0000 0.5000
0.7257 3.5934 0.1582 0.1582 0.0000 0.5000
0.7267 3.5768 0.1559 0.1559 0.0000 0.5000
0.7277 3.5600 0.1537 0.1537 0.0000 0.5000
0.7287 3.5428 0.1514 0.1514 0.0000 0.5000
0.7297 3.5254 0.1492 0.1492 0.0000 0.5000
0.7307 3.5077 0.1470 0.1470 0.0000 0.5000
0.7317 3.4898 0.1448 0.1448 0.0000 0.5000
0.7327 3.4716 0.1426 0.1426 0.0000 0.5000
0.7337 3.4531 0.1405 0.1405 0.0000 0.5000
0.7347 3.4344 0.1384 0.1384 0.0000 0.5000
0.7357 3.4155 0.1364 0.1364 0.0000 0.5000
0.7367 3.3963 0.1343 0.1343 0.0000 0.5000
0.7377 3.3769 0.1323 0.1323 0.0000 0.5000
0.7387 3.3573 0.1303 0.1303 0.0000 0.5000
0.7397 3.3374 0.1283 0.1283 0.0000 0.5000
0.7407 3.3174 0.1264 0.1264 0.0000 0.5000
0.7417 3.2971 0.1245 0.1245 0.0000 0.5000
0.7427 3.2766 0.1226 0.1226 0.0000 0.5000
0.7437 3.2559 0.1207 0.1207 0.0000 0.5000
0.7447 3.2351 0.1189 0.1189 0.0000 0.5000
0.7457 3.2140 0.1170 0.1170 0.0000 0.5000
0.7467 3.1928 0.1152 0.1152 0.0000 0.5000
0.7477 3.1714 0.1135 0.1135 0.0000 0.5000
0.7487 3.1498 0.1117 0.1117 0.0000 0.5000
0.7497 3.1280 0.1100 0.1100 0.0000 0.5000
0.7508 3.1061 0.1083 0.1083 0.0000 0.5000
0.7518 3.0840 0.1066 0.1066 0.0000 0.5000
0.7528 3.0618 0.1049 0.1049 0.0000 0.5000
0.7538 3.0394 0.1033 0.1033 0.0000 0.5000
0.7548 3.0169 0.1017 0.1017 0.0000 0.5000
0.7558 2.9943 0.1001 0.1001 0.0000 0.5000
0.7568 2.9715 0.0985 0.0985 0.0000 0.5000
0.7578 2.9486 0.0969 0.0969 0.0000 0.5000
0.7588 2.9256 0.0954 0.0954 0.0000 0.5000
0.7598 2.9025 0.0939 0.0939 0.0000 0.5000
0.7608 2.8793 0.0924 0.0924 0.0000 0.5000
0.7618 2.8559 0.0909 0.0909 0.0000 0.5000
0.7628 2.8325 0.0895 0.0895 0.0000 0.5000
0.7638 2.8090 0.0880 0.0880 0.0000 0.5000
0.7648 2.7854 0.0866 0.0866 0.0000 0.5000
0.7658 2.7617 0.0852 0.0852 0.0000 0.5000
0.7668 2.7380 0.0838 0.0838 0.0000 0.5000
0.7678 2.7142 0.0825 0.0825 0.0000 0.5000
0.7688 2.6903 0.0811 0.0811 0.0000 0.5000
0.7698 2.6664 0.0798 0.0798 0.0000 0.5000
0.7708 2.6424 0.0785 0.0785 0.0000 0.5000
0.7718 2.6183 0.0772 0.0772 0.0000 0.5000
0.7728 2.5943 0.0760 0.0760 0.0000 0.5000
0.7738 2.5702 0.0747 0.0747 0.0000 0.5000
0.7748 2.5460 0.0735 0.0735 0.0000 0.5000
0.7758 2.5219 0.0723 0.0723 0.0000 0.5000
0.7768 2.4977 0.0711 0.0711 0.0000 0.5000
0.7778 2.4735 0.0699 0.0699 0.0000 0.5000
0.7788 2.4493 0.0688 0.0688 0.0000 0.5000
0.7798 2.4250 0.0676 0.0676 0.0000 0.5000
0.7808 2.4008 0.0665 0.0665 0.0000 0.5000
0.7818 2.3766 0.0654 0.0654 0.0000 0.5000
0.7828 2.3524 0.0643 0.0643 0.0000 0.5000
0.7838 2.3282 0.0632 0.0632 0.0000 0.5000
0.7848 2.3040 0.0621 0.0621 0.0000 0.5000
0.7858 2.2799 0.0611 0.0611 0.0000 0.5000
0.7868 2.2557 0.0600 0.0600 0.0000 0.5000
0.7878 2.2316 0.0590 0.0590 0.0000 0.5000
0.7888 2.2076 0.0580 0.0580 0.0000 0.5000
0.7898 2.1836 0.0570 0.0570 0.0000 0.5000
0.7908 2.1596 0.0561 0.0561 0.0000 0.5000
0.7918 2.1357 0.0551 0.0551 0.0000 0.5000
0.7928 2.1118 0.0542 0.0542 0.0000 0.5000
0.7938 2.0880 0.0532 0.0532 0.0000 0.5000
0.7948 2.0642 0.0523 0.0523 0.0000 0.5000
0.7958 2.0405 0.0514 0.0514 0.0000 0.5000
0.7968 2.0169 0.0505 0.0505 0.0000 0.5000
0.7978 1.9934 0.0496 0.0496 0.0000 0.5000
0.7988 1.9699 0.0488 0.0488 0.0000 0.5000
0.7998 1.9465 0.0479 0.0479 0.0000 0.5000
0.8008 1.9232 0.0471 0.0471 0.0000 0.5000
0.8018 1.9000 0.0463 0.0463 0.0000 0.5000
0.8028 1.8769 0.0455 0.0455 0.0000 0.5000
0.8038 1.8539 0.0447 0.0447 0.0000 0.5000
0.8048 1.8309 0.0439 0.0439 0.0000 0.5000
0.8058 1.8081 0.0431 0.0431 0.0000 0.5000
0.8068 1.7854 0.0423 0.0423 0.0000 0.5000
0.8078 1.7628 0.0416 0.0416 0.0000 0.5000
0.8088 1.7403 0.0409 0.0409 0.0000 0.5000
0.8098 1.7179 0.0401 0.0401 0.0000 0.5000
0.8108 1.6957 0.0394 0.0394 0.0000 0.5000
0.8118 1.6735 0.0387 0.0387 0.0000 0.5000
0.8128 1.6515 0.0380 0.0380 0.0000 0.5000
0.8138 1.6296 0.0373 0.0373 0.0000 0.5000
0.8148 1.6078 0.0367 0.0367 0.0000 0.5000
0.8158 1.5862 0.0360 0.0360 0.0000 0.5000
0.8168 1.5647 0.0353 0.0353 0.0000 0.5000
0.8178 1.5434 0.0347 0.0347 0.0000 0.5000
0.8188 1.5221 0.0341 0.0341 0.0000 0.5000
0.8198 1.5011 0.0335 0.0335 0.0000 0.5000
0.8208 1.4801 0.0328 0.0328 0.0000 0.5000
0.8218 1.4593 0.0322 0.0322 0.0000 0.5000
0.8228 1.4387 0.0317 0.0317 0.0000 0.5000
0.8238 1.4182 0.0311 0.0311 0.0000 0.5000
0.8248 1.3978 0.0305 0.0305 0.0000 0.5000
0.8258 1.3777 0.0299 0.0299 0.0000 0.5000
0.8268 1.3576 0.0294 0.0294 0.0000 0.5000
0.8278 1.3378 0.0288 0.0288 0.0000 0.5000
0.8288 1.3180 0.0283 0.0283 0.0000 0.5000
0.8298 1.2985 0.0278 0.0278 0.0000 0.5000
0.8308 1.2791 0.0273 0.0273 0.0000 0.5000
0.8318 1.2599 0.0268 0.0268 0.0000 0.5000
0.8328 1.2408 0.0263 0.0263 0.0000 0.5000
0.8338 1.2219 0.0258 0.0258 0.0000 0.5000
0.8348 1.2032 0.0253 0.0253 0.0000 0.5000
0.8358 1.1846 0.0248 0.0248 0.0000 0.5000
0.8368 1.1662 0.0243 0.0243 0.0000 0.5000
0.8378 1.1480 0.0239 0.0239 0.0000 0.5000
0.8388 1.1299 0.0234 0.0234 0.0000 0.5000
0.8398 1.1121 0.0230 0.0230 0.0000 0.5000
0.8408 1.0943 0.0226 0.0226 0.0000 0.5000
0.8418 1.0768 0.0221 0.0221 0.0000 0.5000
0.8428 1.0595 0.0217 0.0217 0.0000 0.5000
0.8438 1.0423 0.0213 0.0213 0.0000 0.5000
0.8448 1.0253 0.0209 0.0209 0.0000 0.5000
0.8458 1.0084 0.0205 0.0205 0.0000 0.5000
0.8468 0.9918 0.0201 0.0201 0.0000 0.5000
0.8478 0.9753 0.0197 0.0197 0.0000 0.5000
0.8488 0.9590 0.0193 0.0193 0.0000 0.5000
0.8498 0.9429 0.0189 0.0189 0.0000 0.5000
0.8509 0.9270 0.0186 0.0186 0.0000 0.5000
0.8519 0.9112 0.0182 0.0182 0.0000 0.5000
0.8529 0.8956 0.0179 0.0179 0.0000 0.5000
0.8539 0.8802 0.0175 0.0175 0.0000 0.5000
0.8549 0.8650 0.0172 0.0172 0.0000 0.5000
0.8559 0.8499 0.0168 0.0168 0.0000 0.5000
0.8569 0.8350 0.0165 0.0165 0.0000 0.5000
0.8579 0.8203 0.0162 0.0162 0.0000 0.5000
0.8589 0.8058 0.0159 0.0159 0.0000 0.5000
0.8599 0.7915 0.0156 0.0156 0.0000 0.5000
0.8609 0.7773 0.0152 0.0152 0.0000 0.5000
0.8619 0.7633 0.0149 0.0149 0.0000 0.5000
0.8629 0.7495 0.0146 0.0146 0.0000 0.5000
0.8639 0.7359 0.0144 0.0144 0.0000 0.5000
0.8649 0.7225 0.0141 0.0141 0.0000 0.5000
0.8659 0.7092 0.0138 0.0138 0.0000 0.5000
0.8669 0.6961 0.0135 0.0135 0.0000 0.5000
0.8679 0.6831 0.0132 0.0132 0.0000 0.5000
0.8689 0.6704 0.0130 0.0130 0.0000 0.5000
0.8699 0.6578 0.0127 0.0127 0.0000 0.5000
0.8709 0.6454 0.0125 0.0125 0.0000 0.5000
0.8719 0.6331 0.0122 0.0122 0.0000 0.5000
0.8729 0.6210 0.0120 0.0120 0.0000 0.5000
0.8739 0.6091 0.0117 0.0117 0.0000 0.5000
0.8749 0.5974 0.0115 0.0115 0.0000 0.5000
0.8759 0.5858 0.0112 0.0112 0.0000 0.5000
0.8769 0.5744 0.0110 0.0110 0.0000 0.5000
0.8779 0.5632 0.0108 0.0108 0.0000 0.5000
0.8789 0.5521 0.0106 0.0106 0.0000 0.5000
0.8799 0.5412 0.0104 0.0104 0.0000 0.5000
0.8809 0.5305 0.0101 0.0101 0.0000 0.5000
0.8819 0.5199 0.0099 0.0099 0.0000 0.5000
0.8829 0.5094 0.0097 0.0097 0.0000 0.5000
0.8839 0.4992 0.0095 0.0095 0.0000 0.5000
0.8849 0.4891 0.0093 0.0093 0.0000 0.5000
0.8859 0.4791 0.0091 0.0091 0.0000 0.5000
0.8869 0.4693 0.0089 0.0089 0.0000 0.5000
0.8879 0.4597 0.0088 0.0088 0.0000 0.5000
0.8889 0.4502 0.0086 0.0086 0.0000 0.5000
0.8899 0.4409 0.0084 0.0084 0.0000 0.5000
0.8909 0.4317 0.0082 0.0082 0.0000 0.5000
0.8919 0.4226 0.0081 0.0081 0.0000 0.5000
0.8929 0.4137 0.0079 0.0079 0.0000 0.5000
0.8939 0.4050 0.0077 0.0077 0.0000 0.5000
0.8949 0.3964 0.0076 0.0076 0.0000 0.5000
0.8959 0.3879 0.0074 0.0074 0.0000 0.5000
0.8969 0.3796 0.0072 0.0072 0.0000 0.5000
0.8979 0.3715 0.0071 0.0071 0.0000 0.5000
0.8989 0.3634 0.0069 0.0069 0.0000 0.5000
0.8999 0.3555 0.0068 0.0068 0.0000 0.5000
0.9009 0.3478 0.0066 0.0066 0.0000 0.5000
0.9019 0.3401 0.0065 0.0065 0.0000 0.5000
0.9029 0.3327 0.0064 0.0064 0.0000 0.5000
0.9039 0.3253 0.0062 0.0062 0.0000 0.5000
0.9049 0.3181 0.0061 0.0061 0.0000 0.5000
0.9059 0.3110 0.0060 0.0060 0.0000 0.5000
0.9069 0.3040 0.0058 0.0058 0.0000 0.5000
0.9079 0.2972 0.0057 0.0057 0.0000 0.5000
0.9089 0.2905 0.0056 0.0056 0.0000 0.5000
0.9099 0.2839 0.0055 0.0055 0.0000 0.5000
0.9109 0.2774 0.0053 0.0053 0.0000 0.5000
0.9119 0.2710 0.0052 0.0052 0.0000 0.5000
0.9129 0.2648 0.0051 0.0051 0.0000 0.5000
0.9139 0.2587 0.0050 0.0050 0.0000 0.5000
0.9149 0.2527 0.0049 0.0049 0.0000 0.5000
0.9159 0.2468 0.0048 0.0048 0.0000 0.5000
0.9169 0.2410 0.0047 0.0047 0.0000 0.5000
0.9179 0.2354 0.0046 0.0046 0.0000 0.5000
0.9189 0.2298 0.0045 0.0045 0.0000 0.5000
0.9199 0.2244 0.0044 0.0044 0.0000 0.5000
0.9209 0.2190 0.0043 0.0043 0.0000 0.5000
0.9219 0.2138 0.0042 0.0042 0.0000 0.5000
0.9229 0.2087 0.0041 0.0041 0.0000 0.5000
0.9239 0.2037 0.0040 0.0040 0.0000 0.5000
0.9249 0.1987 0.0039 0.0039 0.0000 0.5000
0.9259 0.1939 0.0038 0.0038 0.0000 0.5000
0.9269 0.1892 0.0037 0.0037 0.0000 0.5000
0.9279 0.1846 0.0037 0.0037 0.0000 0.5000
0.9289 0.1800 0.0036 0.0036 0.0000 0.5000
0.9299 0.1756 0.0035 0.0035 0.0000 0.5000
0.9309 0.1712 0.0034 0.0034 0.0000 0.5000
0.9319 0.1670 0.0033 0.0033 0.0000 0.5000
0.9329 0.1628 0.0033 0.0033 0.0000 0.5000
0.9339 0.1587 0.0032 0.0032 0.0000 0.5000
0.9349 0.1547 0.0031 0.0031 0.0000 0.5000
0.9359 0.1508 0.0031 0.0031 0.0000 0.5000
0.9369 0.1470 0.0030 0.0030 0.0000 0.5000
0.9379 0.1433 0.0029 0.0029 0.0000 0.5000
0.9389 0.1396 0.0028 0.0028 0.0000 0.5000
0.9399 0.1360 0.0028 0.0028 0.0000 0.5000
0.9409 0.1325 0.0027 0.0027 0.0000 0.5000
0.9419 0.1291 0.0027 0.0027 0.0000 0.5000
0.9429 0.1258 0.0026 0.0026 0.0000 0.5000
0.9439 0.1225 0.0025 0.0025 0.0000 0.5000
0.9449 0.1193 0.0025 0.0025 0.0000 0.5000
0.9459 0.1162 0.0024 0.0024 0.0000 0.5000
0.9469 0.1131 0.0024 0.0024 0.0000 0.5000
0.9479 0.1101 0.0023 0.0023 0.0000 0.5000
0.9489 0.1072 0.0023 0.0023 0.0000 0.5000
0.9499 0.1044 0.0022 0.0022 0.0000 0.5000
0.9510 0.1016 0.0022 0.0022 0.0000 0.5000
0.9520 0.0988 0.0021 0.0021 0.0000 0.5000
0.9530 0.0962 0.0021 0.0021 0.0000 0.5000
0.9540 0.0936 0.0020 0.0020 0.0000 0.5000
0.9550 0.0910 0.0020 0.0020 0.0000 0.5000
0.9560 0.0886 0.0019 0.0019 0.0000 0.5000
0.9570 0.0862 0.0019 0.0019 0.0000 0.5000
0.9580 0.0838 0.0018 0.0018 0.0000 0.5000
0.9590 0.0815 0.0018 0.0018 0.0000 0.5000
0.9600 0.0792 0.0017 0.0017 0.0000 0.5000
0.9610 0.0770 0.0017 0.0017 0.0000 0.5000
0.9620 0.0749 0.0017 0.0017 0.0000 0.5000
0.9630 0.0728 0.0016 0.0016 0.0000 0.5000
0.9640 0.0708 0.0016 0.0016 0.0000 0.5000
0.9650 0.0688 0.0015 0.0015 0.0000 0.5000
0.9660 0.0669 0.0015 0.0015 0.0000 0.5000
0.9670 0.0650 0.0015 0.0015 0.0000 0.5000
0.9680 0.0631 0.0014 0.0014 0.0000 0.5000
0.9690 0.0613 0.0014 0.0014 0.0000 0.5000
0.9700 0.0596 0.0014 0.0014 0.0000 0.5000
0.9710 0.0579 0.0013 0.0013 0.0000 0.5000
0.9720 0.0562 0.0013 0.0013 0.0000 0.5000
0.9730 0.0546 0.0013 0.0013 0.0000 0.5000
0.9740 0.0530 0.0012 0.0012 0.0000 0.5000
0.9750 0.0515 0.0012 0.0012 0.0000 0.5000
0.9760 0.0500 0.0012 0.0012 0.0000 0.5000
0.9770 0.0485 0.0012 0.0012 0.0000 0.5000
0.9780 0.0471 0.0011 0.0011 0.0000 0.5000
0.9790 0.0457 0.0011 0.0011 0.0000 0.5000
0.9800 0.0443 0.0011 0.0011 0.0000 0.5000
0.9810 0.0430 0.0010 0.0010 0.0000 0.5000
0.9820 0.0418 0.0010 0.0010 0.0000 0.5000
0.9830 0.0405 0.0010 0.0010 0.0000 0.5000
0.9840 0.0393 0.0010 0.0010 0.0000 0.5000
0.9850 0.0381 0.0009 0.0009 0.0000 0.5000
0.9860 0.0370 0.0009 0.0009 0.0000 0.5000
0.9870 0.0359 0.0009 0.0009 0.0000 0.5000
0.9880 0.0348 0.0009 0.0009 0.0000 0.5000
0.9890 0.0337 0.0009 0.0009 0.0000 0.5000
0.9900 0.0327 0.0008 0.0008 0.0000 0.5000
0.9910 0.0317 0.0008 0.0008 0.0000 0.5000
0.9920 0.0307 0.0008 0.0008 0.0000 0.5000
0.9930 0.0298 0.0008 0.0008 0.0000 0.5000
0.9940 0.0288 0.0008 0.0008 0.0000 0.5000
0.9950 0.0279 0.0007 0.0007 0.0000 0.5000
0.9960 0.0271 0.0007 0.0007 0.0000 0.5000
0.9970 0.0262 0.0007 0.0007 0.0000 0.5000
0.9980 0.0254 0.0007 0.0007 0.0000 0.5000
0.9990 0.0246 0.0007 0.0007 0.0000 0.5000
1.0000 0.0238 0.0007 0.0007 0.0000 0.5000
