T P_or P_and
0.3500 0.0000 0.8000
0.3514 0.0000 0.8000
0.3528 0.0000 0.8000
0.3542 0.0000 0.8000
0.3556 0.0000 0.8000
0.3570 0.0000 0.8000
0.3584 0.0000 0.8000
0.3598 0.0000 0.8000
0.3612 0.0000 0.8000
0.3626 0.0000 0.8000
0.3640 0.0000 0.8000
0.3654 0.0000 0.8000
0.3668 0.0000 0.8000
0.3682 0.0000 0.8000
0.3696 0.0000 0.8000
0.3710 0.0000 0.8000
0.3724 0.0000 0.8000
0.3738 0.0000 0.8000
0.3753 0.0000 0.8000
0.3767 0.0000 0.8000
0.3781 0.0000 0.8000
0.3795 0.0000 0.8000
0.3809 0.0000 0.8000
0.3823 0.0000 0.8000
0.3837 0.0000 0.8000
0.3851 0.0000 0.8000
0.3865 0.0000 0.8000
0.3879 0.0000 0.8000
0.3893 0.0000 0.8000
0.3907 0.0000 0.8000
0.3921 0.0000 0.8000
0.3935 0.0000 0.8000
0.3949 0.0000 0.8000
0.3963 0.0000 0.8000
0.3977 0.0000 0.8000
0.3991 0.0000 0.8000
0.4005 0.0000 0.8000
0.4019 0.0000 0.8000
0.4033 0.0000 0.8000
0.4047 0.0000 0.8000
0.4061 0.0000 0.8000
0.4075 0.0000 0.8000
0.4089 0.0000 0.8000
0.4103 0.0000 0.8000
0.4117 0.0000 0.8000
0.4131 0.0000 0.8000
0.4145 0.0000 0.8000
0.4159 0.0000 0.8000
0.4173 0.0000 0.8000
0.4187 0.0000 0.8000
0.4201 0.0000 0.8000
0.4215 0.0000 0.8000
0.4229 0.0000 0.8000
0.4243 0.0000 0.8000
0.4258 0.0000 0.8000
0.4272 0.0000 0.8000
0.4286 0.0000 0.8000
0.4300 0.0000 0.8000
0.4314 0.0000 0.8000
0.4328 0.0000 0.8000
0.4342 0.0000 0.8000
0.4356 0.0000 0.8000
0.4370 0.0000 0.8000
0.4384 0.0000 0.8000
0.4398 0.0000 0.8000
0.4412 0.0000 0.8000
0.4426 0.0000 0.8000
0.4440 0.0000 0.8000
0.4454 0.0000 0.8000
0.4468 0.0000 0.8000
0.4482 0.0000 0.8000
0.4496 0.0000 0.8000
0.4510 0.0024 0.8003
0.4524 0.0058 0.8007
0.4538 0.0092 0.8011
0.4552 0.0127 0.8015
0.4566 0.0161 0.8019
0.4580 0.0195 0.8023
0.4594 0.0229 0.8027
0.4608 0.0263 0.8031
0.4622 0.0297 0.8035
0.4636 0.0331 0.8039
0.4650 0.0365 0.8043
0.4664 0.0399 0.8047
0.4678 0.0433 0.8051
0.4692 0.0467 0.8055
0.4706 0.0501 0.8059
0.4720 0.0535 0.8063
0.4734 0.0569 0.8067
0.4748 0.0603 0.8071
0.4763 0.0638 0.8075
0.4777 0.0672 0.8079
0.4791 0.0706 0.8083
0.4805 0.0740 0.8087
0.4819 0.0774 0.8091
0.4833 0.0808 0.8095
0.4847 0.0842 0.8099
0.4861 0.0876 0.8103
0.4875 0.0910 0.8107
0.4889 0.0944 0.8111
0.4903 0.0978 0.8115
0.4917 0.1012 0.8119
0.4931 0.1046 0.8123
0.4945 0.1080 0.8127
0.4959 0.1115 0.8131
0.4973 0.1149 0.8135
0.4987 0.1183 0.8139
0.5001 0.1217 0.8143
0.5015 0.1251 0.8147
0.5029 0.1285 0.8151
0.5043 0.1319 0.8155
0.5057 0.1353 0.8159
0.5071 0.1387 0.8163
0.5085 0.1421 0.8167
0.5099 0.1455 0.8171
0.5113 0.1489 0.8175
0.5127 0.1523 0.8179
0.5141 0.1557 0.8183
0.5155 0.1591 0.8187
0.5169 0.1626 0.8191
0.5183 0.1660 0.8195
0.5197 0.1694 0.8199
0.5211 0.1728 0.8203
0.5225 0.1762 0.8207
0.5239 0.1796 0.8211
0.5254 0.1830 0.8215
0.5268 0.1864 0.8219
0.5282 0.1898 0.8223
0.5296 0.1932 0.8227
0.5310 0.1966 0.8231
0.5324 0.2000 0.8235
0.5338 0.2034 0.8239
0.5352 0.2068 0.8243
0.5366 0.2102 0.8247
0.5380 0.2137 0.8251
0.5394 0.2171 0.8255
0.5408 0.2205 0.8259
0.5422 0.2239 0.8263
0.5436 0.2273 0.8267
0.5450 0.2307 0.8271
0.5464 0.2341 0.8275
0.5478 0.2375 0.8279
0.5492 0.2409 0.8283
0.5506 0.2443 0.8287
0.5520 0.2477 0.8291
0.5534 0.2511 0.8295
0.5548 0.2545 0.8299
0.5562 0.2579 0.8303
0.5576 0.2614 0.8307
0.5590 0.2648 0.8311
0.5604 0.2682 0.8315
0.5618 0.2716 0.8319
0.5632 0.2750 0.8324
0.5646 0.2784 0.8328
0.5660 0.2818 0.8332
0.5674 0.2852 0.8336
0.5688 0.2886 0.8340
0.5702 0.2920 0.8344
0.5716 0.2954 0.8348
0.5730 0.2988 0.8352
0.5744 0.3022 0.8356
0.5759 0.3056 0.8360
0.5773 0.3090 0.8364
0.5787 0.3125 0.8368
0.5801 0.3159 0.8372
0.5815 0.3193 0.8376
0.5829 0.3227 0.8380
0.5843 0.3261 0.8384
0.5857 0.3295 0.8388
0.5871 0.3329 0.8392
0.5885 0.3363 0.8396
0.5899 0.3397 0.8400
0.5913 0.3431 0.8404
0.5927 0.3465 0.8408
0.5941 0.3499 0.8412
0.5955 0.3533 0.8416
0.5969 0.3567 0.8420
0.5983 0.3601 0.8424
0.5997 0.3636 0.8428
0.6011 0.3670 0.8432
0.6025 0.3704 0.8436
0.6039 0.3738 0.8440
0.6053 0.3772 0.8444
0.6067 0.3806 0.8448
0.6081 0.3840 0.8452
0.6095 0.3874 0.8456
0.6109 0.3908 0.8460
0.6123 0.3942 0.8464
0.6137 0.3976 0.8468
0.6151 0.4010 0.8472
0.6165 0.4044 0.8476
0.6179 0.4078 0.8480
0.6193 0.4113 0.8484
0.6207 0.4147 0.8488
0.6221 0.4181 0.8492
0.6235 0.4215 0.8496
0.6249 0.4249 0.8500
0.6264 0.4283 0.8504
0.6278 0.4317 0.8508
0.6292 0.4351 0.8512
0.6306 0.4385 0.8516
0.6320 0.4419 0.8520
0.6334 0.4453 0.8524
0.6348 0.4487 0.8528
0.6362 0.4521 0.8532
0.6376 0.4555 0.8536
0.6390 0.4589 0.8540
0.6404 0.4624 0.8544
0.6418 0.4658 0.8548
0.6432 0.4692 0.8552
0.6446 0.4726 0.8556
0.6460 0.4760 0.8560
0.6474 0.4794 0.8564
0.6488 0.4828 0.8568
0.6502 0.4862 0.8566
0.6516 0.4895 0.8530
0.6530 0.4927 0.8494
0.6544 0.4960 0.8458
0.6558 0.4993 0.8422
0.6572 0.5025 0.8385
0.6586 0.5058 0.8349
0.6600 0.5090 0.8313
0.6614 0.5123 0.8276
0.6628 0.5156 0.8240
0.6642 0.5188 0.8204
0.6656 0.5221 0.8167
0.6670 0.5253 0.8131
0.6684 0.5286 0.8094
0.6698 0.5318 0.8058
0.6712 0.5351 0.8021
0.6726 0.5383 0.7984
0.6740 0.5416 0.7948
0.6755 0.5448 0.7911
0.6769 0.5480 0.7874
0.6783 0.5513 0.7837
0.6797 0.5545 0.7800
0.6811 0.5577 0.7763
0.6825 0.5610 0.7727
0.6839 0.5642 0.7690
0.6853 0.5674 0.7653
0.6867 0.5706 0.7616
0.6881 0.5739 0.7579
0.6895 0.5771 0.7541
0.6909 0.5803 0.7504
0.6923 0.5835 0.7467
0.6937 0.5867 0.7430
0.6951 0.5900 0.7393
0.6965 0.5932 0.7355
0.6979 0.5964 0.7318
0.6993 0.5996 0.7281
0.7007 0.6028 0.7243
0.7021 0.6060 0.7206
0.7035 0.6092 0.7168
0.7049 0.6124 0.7131
0.7063 0.6156 0.7093
0.7077 0.6188 0.7056
0.7091 0.6220 0.7018
0.7105 0.6252 0.6980
0.7119 0.6284 0.6943
0.7133 0.6316 0.6905
0.7147 0.6348 0.6867
0.7161 0.6379 0.6829
0.7175 0.6411 0.6791
0.7189 0.6443 0.6753
0.7203 0.6475 0.6716
0.7217 0.6507 0.6678
0.7231 0.6538 0.6640
0.7245 0.6570 0.6602
0.7260 0.6602 0.6563
0.7274 0.6634 0.6525
0.7288 0.6665 0.6487
0.7302 0.6697 0.6449
0.7316 0.6729 0.6411
0.7330 0.6760 0.6372
0.7344 0.6792 0.6334
0.7358 0.6823 0.6296
0.7372 0.6855 0.6257
0.7386 0.6887 0.6219
0.7400 0.6918 0.6181
0.7414 0.6950 0.6142
0.7428 0.6981 0.6104
0.7442 0.7013 0.6065
0.7456 0.7044 0.6026
0.7470 0.7076 0.5988
0.7484 0.7107 0.5949
0.7498 0.7138 0.5910
0.7512 0.7170 0.5872
0.7526 0.7201 0.5833
0.7540 0.7232 0.5794
0.7554 0.7264 0.5755
0.7568 0.7295 0.5716
0.7582 0.7326 0.5677
0.7596 0.7358 0.5638
0.7610 0.7389 0.5599
0.7624 0.7420 0.5560
0.7638 0.7451 0.5521
0.7652 0.7483 0.5482
0.7666 0.7514 0.5443
0.7680 0.7545 0.5404
0.7694 0.7576 0.5364
0.7708 0.7607 0.5325
0.7722 0.7638 0.5286
0.7736 0.7669 0.5246
0.7751 0.7701 0.5207
0.7765 0.7732 0.5167
0.7779 0.7763 0.5128
0.7793 0.7794 0.5089
0.7807 0.7825 0.5049
0.7821 0.7856 0.5009
0.7835 0.7887 0.4970
0.7849 0.7917 0.4930
0.7863 0.7948 0.4890
0.7877 0.7979 0.4851
0.7891 0.8010 0.4811
0.7905 0.8041 0.4771
0.7919 0.8072 0.4731
0.7933 0.8103 0.4691
0.7947 0.8134 0.4651
0.7961 0.8164 0.4612
0.7975 0.8195 0.4572
0.7989 0.8226 0.4531
0.8003 0.8249 0.4491
0.8017 0.8247 0.4449
0.8031 0.8245 0.4407
0.8045 0.8242 0.4365
0.8059 0.8240 0.4323
0.8073 0.8238 0.4281
0.8087 0.8235 0.4238
0.8101 0.8233 0.4196
0.8115 0.8231 0.4154
0.8129 0.8228 0.4112
0.8143 0.8226 0.4070
0.8157 0.8224 0.4028
0.8171 0.8221 0.3986
0.8185 0.8219 0.3944
0.8199 0.8217 0.3902
0.8213 0.8214 0.3860
0.8227 0.8212 0.3818
0.8241 0.8210 0.3776
0.8256 0.8207 0.3733
0.8270 0.8205 0.3691
0.8284 0.8203 0.3649
0.8298 0.8200 0.3607
0.8312 0.8198 0.3565
0.8326 0.8196 0.3523
0.8340 0.8193 0.3481
0.8354 0.8191 0.3439
0.8368 0.8189 0.3397
0.8382 0.8186 0.3355
0.8396 0.8184 0.3313
0.8410 0.8182 0.3271
0.8424 0.8179 0.3228
0.8438 0.8177 0.3186
0.8452 0.8175 0.3144
0.8466 0.8172 0.3102
0.8480 0.8170 0.3060
0.8494 0.8168 0.3018
0.8508 0.8165 0.2976
0.8522 0.8163 0.2934
0.8536 0.8161 0.2892
0.8550 0.8158 0.2850
0.8564 0.8156 0.2808
0.8578 0.8154 0.2766
0.8592 0.8151 0.2723
0.8606 0.8149 0.2681
0.8620 0.8147 0.2639
0.8634 0.8144 0.2597
0.8648 0.8142 0.2555
0.8662 0.8140 0.2513
0.8676 0.8137 0.2471
0.8690 0.8135 0.2429
0.8704 0.8133 0.2387
0.8718 0.8130 0.2345
0.8732 0.8128 0.2303
0.8746 0.8126 0.2261
0.8761 0.8123 0.2218
0.8775 0.8121 0.2176
0.8789 0.8119 0.2134
0.8803 0.8116 0.2092
0.8817 0.8114 0.2050
0.8831 0.8112 0.2008
0.8845 0.8109 0.1966
0.8859 0.8107 0.1924
0.8873 0.8105 0.1882
0.8887 0.8102 0.1840
0.8901 0.8100 0.1798
0.8915 0.8098 0.1756
0.8929 0.8095 0.1713
0.8943 0.8093 0.1671
0.8957 0.8091 0.1629
0.8971 0.8088 0.1587
0.8985 0.8086 0.1545
0.8999 0.8084 0.1503
0.9013 0.8081 0.1461
0.9027 0.8079 0.1419
0.9041 0.8076 0.1377
0.9055 0.8074 0.1335
0.9069 0.8072 0.1293
0.9083 0.8069 0.1251
0.9097 0.8067 0.1208
0.9111 0.8065 0.1166
0.9125 0.8062 0.1124
0.9139 0.8060 0.1082
0.9153 0.8058 0.1040
0.9167 0.8055 0.0998
0.9181 0.8053 0.0956
0.9195 0.8051 0.0914
0.9209 0.8048 0.0872
0.9223 0.8046 0.0830
0.9237 0.8044 0.0788
0.9252 0.8041 0.0745
0.9266 0.8039 0.0703
0.9280 0.8037 0.0661
0.9294 0.8034 0.0619
0.9308 0.8032 0.0577
0.9322 0.8030 0.0535
0.9336 0.8027 0.0493
0.9350 0.8025 0.0451
0.9364 0.8023 0.0409
0.9378 0.8020 0.0367
0.9392 0.8018 0.0325
0.9406 0.8016 0.0283
0.9420 0.8013 0.0240
0.9434 0.8011 0.0198
0.9448 0.8009 0.0156
0.9462 0.8006 0.0114
0.9476 0.8004 0.0072
0.9490 0.8002 0.0030
0.9504 0.8000 0.0000
0.9518 0.8000 0.0000
0.9532 0.8000 0.0000
0.9546 0.8000 0.0000
0.9560 0.8000 0.0000
0.9574 0.8000 0.0000
0.9588 0.8000 0.0000
0.9602 0.8000 0.0000
0.9616 0.8000 0.0000
0.9630 0.8000 0.0000
0.9644 0.8000 0.0000
0.9658 0.8000 0.0000
0.9672 0.8000 0.0000
0.9686 0.8000 0.0000
0.9700 0.8000 0.0000
0.9714 0.8000 0.0000
0.9728 0.8000 0.0000
0.9742 0.8000 0.0000
0.9757 0.8000 0.0000
0.9771 0.8000 0.0000
0.9785 0.8000 0.0000
0.9799 0.8000 0.0000
0.9813 0.8000 0.0000
0.9827 0.8000 0.0000
0.9841 0.8000 0.0000
0.9855 0.8000 0.0000
0.9869 0.8000 0.0000
0.9883 0.8000 0.0000
0.9897 0.8000 0.0000
0.9911 0.8000 0.0000
0.9925 0.8000 0.0000
0.9939 0.8000 0.0000
0.9953 0.8000 0.0000
0.9967 0.8000 0.0000
0.9981 0.8000 0.0000
0.9995 0.8000 0.0000
1.0009 0.8000 0.0000
1.0023 0.8000 0.0000
1.0037 0.8000 0.0000
1.0051 0.8000 0.0000
1.0065 0.8000 0.0000
1.0079 0.8000 0.0000
1.0093 0.8000 0.0000
1.0107 0.8000 0.0000
1.0121 0.8000 0.0000
1.0135 0.8000 0.0000
1.0149 0.8000 0.0000
1.0163 0.8000 0.0000
1.0177 0.8000 0.0000
1.0191 0.8000 0.0000
1.0205 0.8000 0.0000
1.0219 0.8000 0.0000
1.0233 0.8000 0.0000
1.0247 0.8000 0.0000
1.0262 0.8000 0.0000
1.0276 0.8000 0.0000
1.0290 0.8000 0.0000
1.0304 0.8000 0.0000
1.0318 0.8000 0.0000
1.0332 0.8000 0.0000
1.0346 0.8000 0.0000
1.0360 0.8000 0.0000
1.0374 0.8000 0.0000
1.0388 0.8000 0.0000
1.0402 0.8000 0.0000
1.0416 0.8000 0.0000
1.0430 0.8000 0.0000
1.0444 0.8000 0.0000
1.0458 0.8000 0.0000
1.0472 0.8000 0.0000
1.0486 0.8000 0.0000
1.0500 0.8000 0.0000
