s PU PA FAR FRR Ps
0.0000 0.0000 0.0000 1.0000 0.0000 0.0000
0.0100 0.0000 0.0000 1.0000 0.0000 0.0000
0.0200 0.0000 0.0000 1.0000 0.0000 0.0000
0.0301 0.0000 0.0000 1.0000 0.0000 0.0000
0.0401 0.0000 0.0000 1.0000 0.0000 0.0000
0.0501 0.0000 0.0000 1.0000 0.0000 0.0000
0.0601 0.0000 0.0000 1.0000 0.0000 0.0000
0.0701 0.0000 0.0000 1.0000 0.0000 0.0000
0.0802 0.0000 0.0000 1.0000 0.0000 0.0000
0.0902 0.0000 0.0000 1.0000 0.0000 0.0000
0.1002 0.0000 0.0000 1.0000 0.0000 0.0000
0.1102 0.0000 0.0000 1.0000 0.0000 0.0000
0.1202 0.0000 0.0000 1.0000 0.0000 0.0000
0.1303 0.0000 0.0000 1.0000 0.0000 0.0000
0.1403 0.0000 0.0000 1.0000 0.0000 0.0000
0.1503 0.0000 0.0000 1.0000 0.0000 0.0000
0.1603 0.0000 0.0000 1.0000 0.0000 0.0000
0.1703 0.0000 0.0000 1.0000 0.0000 0.0000
0.1804 0.0000 0.0000 1.0000 0.0000 0.0000
0.1904 0.0000 0.0000 1.0000 0.0000 0.0000
0.2004 0.0000 0.0000 1.0000 0.0000 0.0000
0.2104 0.0000 0.0000 1.0000 0.0000 0.0000
0.2204 0.0000 0.0000 1.0000 0.0000 0.0000
0.2305 0.0000 0.0000 1.0000 0.0000 0.0000
0.2405 0.0000 0.0000 1.0000 0.0000 0.0000
0.2505 0.0000 0.0000 1.0000 0.0000 0.0000
0.2605 0.0000 0.0000 1.0000 0.0000 0.0000
0.2705 0.0000 0.0000 1.0000 0.0000 0.0000
0.2806 0.0000 0.0000 1.0000 0.0000 0.0000
0.2906 0.0000 0.0000 1.0000 0.0000 0.0000
0.3006 0.0000 0.0000 1.0000 0.0000 0.0000
0.3106 0.0000 0.0000 1.0000 0.0000 0.0000
0.3206 0.0000 0.0000 1.0000 0.0000 0.0000
0.3307 0.0000 0.0000 1.0000 0.0000 0.0000
0.3407 0.0000 0.0000 1.0000 0.0000 0.0000
0.3507 0.0000 0.0000 1.0000 0.0000 0.0000
0.3607 0.0000 0.0000 1.0000 0.0000 0.0000
0.3707 0.0000 0.0000 1.0000 0.0000 0.0000
0.3808 0.0000 0.0000 1.0000 0.0000 0.0000
0.3908 0.0000 0.0000 1.0000 0.0000 0.0000
0.4008 0.0000 0.0000 1.0000 0.0000 0.0000
0.4108 0.0000 0.0000 1.0000 0.0000 0.0000
0.4208 0.0000 0.0000 1.0000 0.0000 0.0000
0.4309 0.0000 0.0000 1.0000 0.0000 0.0000
0.4409 0.0000 0.0000 1.0000 0.0000 0.0000
0.4509 0.0000 0.0000 1.0000 0.0000 0.0000
0.4609 0.0000 0.0000 1.0000 0.0000 0.0000
0.4709 0.0000 0.0000 1.0000 0.0000 0.0000
0.4810 0.0000 0.0000 1.0000 0.0000 0.0000
0.4910 0.0000 0.0000 1.0000 0.0000 0.0000
0.5010 0.0000 0.0000 1.0000 0.0000 0.0000
0.5110 0.0000 0.0000 1.0000 0.0000 0.0000
0.5210 0.0000 0.0000 1.0000 0.0000 0.0000
0.5311 0.0000 0.0000 1.0000 0.0000 0.0000
0.5411 0.0000 0.0000 1.0000 0.0000 0.0000
0.5511 0.0000 0.0000 1.0000 0.0000 0.0000
0.5611 0.0000 0.0000 1.0000 0.0000 0.0000
0.5711 0.0000 0.0000 1.0000 0.0000 0.0000
0.5812 0.0000 0.0000 1.0000 0.0000 0.0000
0.5912 0.0000 0.0000 1.0000 0.0000 0.0000
0.6012 0.0000 0.0000 1.0000 0.0000 0.0000
0.6112 0.0000 0.0000 1.0000 0.0000 0.0000
0.6212 0.0000 0.0000 1.0000 0.0000 0.0000
0.6313 0.0000 0.0000 1.0000 0.0000 0.0000
0.6413 0.0000 0.0000 1.0000 0.0000 0.0000
0.6513 0.0000 0.0000 1.0000 0.0000 0.0000
0.6613 0.0000 0.0000 1.0000 0.0000 0.0000
0.6713 0.0000 0.0000 1.0000 0.0000 0.0000
0.6814 0.0000 0.0000 1.0000 0.0000 0.0000
0.6914 0.0000 0.0000 1.0000 0.0000 0.0000
0.7014 0.0000 0.0000 1.0000 0.0000 0.0000
0.7114 0.0000 0.0000 1.0000 0.0000 0.0000
0.7214 0.0000 0.0000 1.0000 0.0000 0.0000
0.7315 0.0000 0.0000 1.0000 0.0000 0.0000
0.7415 0.0000 0.0000 1.0000 0.0000 0.0000
0.7515 0.0000 0.0000 1.0000 0.0000 0.0000
0.7615 0.0000 0.0000 1.0000 0.0000 0.0000
0.7715 0.0000 0.0000 1.0000 0.0000 0.0000
0.7816 0.0000 0.0000 1.0000 0.0000 0.0000
0.7916 0.0000 0.0000 1.0000 0.0000 0.0000
0.8016 0.0000 0.0000 1.0000 0.0000 0.0000
0.8116 0.0000 0.0000 1.0000 0.0000 0.0000
0.8216 0.0000 0.0000 1.0000 0.0000 0.0000
0.8317 0.0000 0.0000 1.0000 0.0000 0.0000
0.8417 0.0000 0.0000 1.0000 0.0000 0.0000
0.8517 0.0000 0.0000 1.0000 0.0000 0.0000
0.8617 0.0000 0.0000 1.0000 0.0000 0.0000
0.8717 0.0000 0.0000 1.0000 0.0000 0.0000
0.8818 0.0000 0.0000 1.0000 0.0000 0.0000
0.8918 0.0000 0.0000 1.0000 0.0000 0.0000
0.9018 0.0000 0.0000 1.0000 0.0000 0.0000
0.9118 0.0000 0.0000 1.0000 0.0000 0.0000
0.9218 0.0000 0.0000 1.0000 0.0000 0.0000
0.9319 0.0000 0.0000 1.0000 0.0000 0.0000
0.9419 0.0000 0.0000 1.0000 0.0000 0.0000
0.9519 0.0000 0.0000 1.0000 0.0000 0.0000
0.9619 0.0000 0.0000 1.0000 0.0000 0.0000
0.9719 0.0000 0.0000 1.0000 0.0000 0.0000
0.9820 0.0000 0.0000 1.0000 0.0000 0.0000
0.9920 0.0000 0.0000 1.0000 0.0000 0.0000
1.0020 0.0000 0.0000 1.0000 0.0000 0.0000
1.0120 0.0000 0.0000 1.0000 0.0000 0.0000
1.0220 0.0000 0.0000 1.0000 0.0000 0.0000
1.0321 0.0000 0.0000 1.0000 0.0000 0.0000
1.0421 0.0000 0.0000 1.0000 0.0000 0.0000
1.0521 0.0000 0.0000 1.0000 0.0000 0.0000
1.0621 0.0000 0.0000 1.0000 0.0000 0.0000
1.0721 0.0000 0.0000 1.0000 0.0000 0.0000
1.0822 0.0000 0.0000 1.0000 0.0000 0.0000
1.0922 0.0000 0.0000 1.0000 0.0000 0.0000
1.1022 0.0000 0.0000 1.0000 0.0000 0.0000
1.1122 0.0000 0.0000 1.0000 0.0000 0.0000
1.1222 0.0000 0.0000 1.0000 0.0000 0.0000
1.1323 0.0000 0.0000 1.0000 0.0000 0.0000
1.1423 0.0000 0.0000 1.0000 0.0000 0.0000
1.1523 0.0000 0.0000 1.0000 0.0000 0.0000
1.1623 0.0000 0.0000 1.0000 0.0000 0.0000
1.1723 0.0000 0.0000 1.0000 0.0000 0.0000
1.1824 0.0000 0.0000 1.0000 0.0000 0.0000
1.1924 0.0000 0.0000 1.0000 0.0000 0.0000
1.2024 0.0000 0.0027 1.0000 0.0000 0.0000
1.2124 0.0000 0.0140 0.9998 0.0000 0.0002
1.2224 0.0000 0.0252 0.9996 0.0000 0.0004
1.2325 0.0000 0.0363 0.9992 0.0000 0.0008
1.2425 0.0000 0.0473 0.9987 0.0000 0.0013
1.2525 0.0000 0.0582 0.9982 0.0000 0.0018
1.2625 0.0000 0.0690 0.9975 0.0000 0.0025
1.2725 0.0000 0.0797 0.9967 0.0000 0.0033
1.2826 0.0000 0.0903 0.9958 0.0000 0.0042
1.2926 0.0000 0.1008 0.9948 0.0000 0.0052
1.3026 0.0000 0.1112 0.9936 0.0000 0.0064
1.3126 0.0000 0.1215 0.9924 0.0000 0.0076
1.3226 0.0000 0.1317 0.9911 0.0000 0.0089
1.3327 0.0000 0.1418 0.9897 0.0000 0.0103
1.3427 0.0000 0.1518 0.9882 0.0000 0.0118
1.3527 0.0000 0.1617 0.9865 0.0000 0.0135
1.3627 0.0000 0.1715 0.9848 0.0000 0.0152
1.3727 0.0000 0.1812 0.9830 0.0000 0.0170
1.3828 0.0000 0.1908 0.9811 0.0000 0.0189
1.3928 0.0000 0.2003 0.9791 0.0000 0.0209
1.4028 0.0000 0.2097 0.9770 0.0000 0.0230
1.4128 0.0000 0.2191 0.9748 0.0000 0.0252
1.4228 0.0000 0.2283 0.9725 0.0000 0.0275
1.4329 0.0000 0.2374 0.9701 0.0000 0.0299
1.4429 0.0000 0.2464 0.9677 0.0000 0.0323
1.4529 0.0000 0.2553 0.9651 0.0000 0.0349
1.4629 0.0000 0.2641 0.9625 0.0000 0.0375
1.4729 0.0000 0.2728 0.9597 0.0000 0.0403
1.4830 0.0000 0.2815 0.9569 0.0000 0.0431
1.4930 0.0000 0.2900 0.9540 0.0000 0.0460
1.5030 0.0000 0.2984 0.9510 0.0000 0.0490
1.5130 0.0000 0.3067 0.9479 0.0000 0.0521
1.5230 0.0000 0.3149 0.9448 0.0000 0.0552
1.5331 0.0000 0.3231 0.9415 0.0000 0.0585
1.5431 0.0000 0.3311 0.9382 0.0000 0.0618
1.5531 0.0000 0.3390 0.9348 0.0000 0.0652
1.5631 0.0000 0.3468 0.9313 0.0000 0.0687
1.5731 0.0000 0.3546 0.9278 0.0000 0.0722
1.5832 0.0000 0.3622 0.9242 0.0000 0.0758
1.5932 0.0000 0.3697 0.9205 0.0000 0.0795
1.6032 0.0000 0.3772 0.9167 0.0000 0.0833
1.6132 0.0000 0.3845 0.9128 0.0000 0.0872
1.6232 0.0000 0.3917 0.9089 0.0000 0.0911
1.6333 0.0000 0.3988 0.9049 0.0000 0.0951
1.6433 0.0000 0.4059 0.9008 0.0000 0.0992
1.6533 0.0000 0.4128 0.8967 0.0000 0.1033
1.6633 0.0000 0.4196 0.8925 0.0000 0.1075
1.6733 0.0000 0.4264 0.8882 0.0000 0.1118
1.6834 0.0000 0.4330 0.8839 0.0000 0.1161
1.6934 0.0000 0.4396 0.8795 0.0000 0.1205
1.7034 0.0000 0.4460 0.8750 0.0000 0.1250
1.7134 0.0000 0.4523 0.8705 0.0000 0.1295
1.7234 0.0000 0.4586 0.8659 0.0000 0.1341
1.7335 0.0000 0.4647 0.8612 0.0000 0.1388
1.7435 0.0000 0.4708 0.8565 0.0000 0.1435
1.7535 0.0000 0.4767 0.8517 0.0000 0.1483
1.7635 0.0000 0.4826 0.8469 0.0000 0.1531
1.7735 0.0000 0.4883 0.8420 0.0000 0.1580
1.7836 0.0000 0.4940 0.8371 0.0000 0.1629
1.7936 0.0000 0.4995 0.8321 0.0000 0.1679
1.8036 0.0000 0.5050 0.8270 0.0000 0.1730
1.8136 0.0000 0.5103 0.8219 0.0000 0.1781
1.8236 0.0000 0.5156 0.8167 0.0000 0.1833
1.8337 0.0000 0.5207 0.8115 0.0000 0.1885
1.8437 0.0000 0.5258 0.8062 0.0000 0.1938
1.8537 0.0000 0.5307 0.8009 0.0000 0.1991
1.8637 0.0000 0.5356 0.7955 0.0000 0.2045
1.8737 0.0000 0.5403 0.7901 0.0000 0.2099
1.8838 0.0000 0.5450 0.7847 0.0000 0.2153
1.8938 0.0000 0.5495 0.7792 0.0000 0.2208
1.9038 0.0000 0.5540 0.7736 0.0000 0.2264
1.9138 0.0000 0.5584 0.7680 0.0000 0.2320
1.9238 0.0000 0.5626 0.7624 0.0000 0.2376
1.9339 0.0000 0.5668 0.7567 0.0000 0.2433
1.9439 0.0000 0.5708 0.7510 0.0000 0.2490
1.9539 0.0000 0.5748 0.7452 0.0000 0.2548
1.9639 0.0000 0.5787 0.7394 0.0000 0.2606
1.9739 0.0000 0.5824 0.7336 0.0000 0.2664
1.9840 0.0000 0.5861 0.7277 0.0000 0.2723
1.9940 0.0000 0.5897 0.7218 0.0000 0.2782
2.0040 0.0000 0.5931 0.7159 0.0000 0.2841
2.0140 0.0000 0.5965 0.7099 0.0000 0.2901
2.0240 0.0000 0.5998 0.7039 0.0000 0.2961
2.0341 0.0000 0.6030 0.6978 0.0000 0.3022
2.0441 0.0000 0.6060 0.6918 0.0000 0.3082
2.0541 0.0000 0.6090 0.6857 0.0000 0.3143
2.0641 0.0000 0.6119 0.6795 0.0000 0.3205
2.0741 0.0000 0.6146 0.6734 0.0000 0.3266
2.0842 0.0000 0.6173 0.6672 0.0000 0.3328
2.0942 0.0000 0.6199 0.6610 0.0000 0.3390
2.1042 0.0000 0.6224 0.6547 0.0000 0.3453
2.1142 0.0000 0.6248 0.6485 0.0000 0.3515
2.1242 0.0000 0.6270 0.6422 0.0000 0.3578
2.1343 0.0000 0.6292 0.6359 0.0000 0.3641
2.1443 0.0000 0.6313 0.6296 0.0000 0.3704
2.1543 0.0000 0.6333 0.6232 0.0000 0.3768
2.1643 0.0000 0.6352 0.6169 0.0000 0.3831
2.1743 0.0000 0.6370 0.6105 0.0000 0.3895
2.1844 0.0000 0.6386 0.6041 0.0000 0.3959
2.1944 0.0000 0.6402 0.5977 0.0000 0.4023
2.2044 0.0000 0.6417 0.5912 0.0000 0.4088
2.2144 0.0000 0.6431 0.5848 0.0000 0.4152
2.2244 0.0000 0.6444 0.5783 0.0000 0.4217
2.2345 0.0000 0.6456 0.5719 0.0000 0.4281
2.2445 0.0000 0.6467 0.5654 0.0000 0.4346
2.2545 0.0000 0.6477 0.5589 0.0000 0.4411
2.2645 0.0000 0.6486 0.5524 0.0000 0.4476
2.2745 0.0000 0.6494 0.5459 0.0000 0.4541
2.2846 0.0000 0.6501 0.5394 0.0000 0.4606
2.2946 0.0000 0.6507 0.5328 0.0000 0.4672
2.3046 0.0000 0.6512 0.5263 0.0000 0.4737
2.3146 0.0000 0.6516 0.5198 0.0000 0.4802
2.3246 0.0000 0.6519 0.5133 0.0000 0.4867
2.3347 0.0000 0.6521 0.5067 0.0000 0.4933
2.3447 0.0000 0.6522 0.5002 0.0000 0.4998
2.3547 0.0000 0.6522 0.4937 0.0000 0.5063
2.3647 0.0000 0.6521 0.4871 0.0000 0.5129
2.3747 0.0000 0.6519 0.4806 0.0000 0.5194
2.3848 0.0000 0.6516 0.4741 0.0000 0.5259
2.3948 0.0000 0.6512 0.4675 0.0000 0.5325
2.4048 0.0000 0.6507 0.4610 0.0000 0.5390
2.4148 0.0000 0.6501 0.4545 0.0000 0.5455
2.4248 0.0000 0.6494 0.4480 0.0000 0.5520
2.4349 0.0000 0.6486 0.4415 0.0000 0.5585
2.4449 0.0000 0.6477 0.4350 0.0000 0.5650
2.4549 0.0000 0.6467 0.4285 0.0000 0.5715
2.4649 0.0000 0.6457 0.4221 0.0000 0.5779
2.4749 0.0000 0.6445 0.4156 0.0000 0.5844
2.4850 0.0000 0.6432 0.4092 0.0000 0.5908
2.4950 0.0000 0.6418 0.4027 0.0000 0.5973
2.5050 0.0000 0.6403 0.3963 0.0000 0.6037
2.5150 0.0000 0.6387 0.3899 0.0000 0.6101
2.5251 0.0000 0.6371 0.3835 0.0000 0.6165
2.5351 0.0000 0.6353 0.3772 0.0000 0.6228
2.5451 0.0000 0.6334 0.3708 0.0000 0.6292
2.5551 0.0000 0.6314 0.3645 0.0000 0.6355
2.5651 0.0000 0.6294 0.3582 0.0000 0.6418
2.5752 0.0000 0.6272 0.3519 0.0000 0.6481
2.5852 0.0000 0.6249 0.3456 0.0000 0.6544
2.5952 0.0000 0.6225 0.3394 0.0000 0.6606
2.6052 0.0000 0.6201 0.3332 0.0000 0.6668
2.6152 0.0000 0.6175 0.3270 0.0000 0.6730
2.6253 0.0000 0.6148 0.3208 0.0000 0.6792
2.6353 0.0000 0.6120 0.3147 0.0000 0.6853
2.6453 0.0000 0.6092 0.3086 0.0000 0.6914
2.6553 0.0000 0.6062 0.3025 0.0000 0.6975
2.6653 0.0000 0.6031 0.2965 0.0000 0.7035
2.6754 0.0000 0.6000 0.2905 0.0000 0.7095
2.6854 0.0000 0.5967 0.2845 0.0000 0.7155
2.6954 0.0000 0.5933 0.2785 0.0000 0.7215
2.7054 0.0000 0.5899 0.2726 0.0000 0.7274
2.7154 0.0000 0.5863 0.2668 0.0000 0.7332
2.7255 0.0000 0.5827 0.2609 0.0000 0.7391
2.7355 0.0000 0.5789 0.2551 0.0000 0.7449
2.7455 0.0000 0.5750 0.2494 0.0000 0.7506
2.7555 0.0000 0.5711 0.2436 0.0000 0.7564
2.7655 0.0000 0.5670 0.2380 0.0000 0.7620
2.7756 0.0000 0.5629 0.2323 0.0000 0.7677
2.7856 0.0000 0.5586 0.2267 0.0000 0.7733
2.7956 0.0000 0.5543 0.2212 0.0000 0.7788
2.8056 0.0000 0.5498 0.2157 0.0000 0.7843
2.8156 0.0000 0.5453 0.2102 0.0000 0.7898
2.8257 0.0000 0.5406 0.2048 0.0000 0.7952
2.8357 0.0000 0.5359 0.1994 0.0000 0.8006
2.8457 0.0000 0.5310 0.1941 0.0000 0.8059
2.8557 0.0000 0.5261 0.1888 0.0000 0.8112
2.8657 0.0000 0.5210 0.1836 0.0000 0.8164
2.8758 0.0000 0.5159 0.1784 0.0000 0.8216
2.8858 0.0000 0.5106 0.1733 0.0000 0.8267
2.8958 0.0000 0.5053 0.1682 0.0000 0.8318
2.9058 0.0000 0.4998 0.1632 0.0000 0.8368
2.9158 0.0000 0.4943 0.1583 0.0000 0.8417
2.9259 0.0000 0.4886 0.1534 0.0000 0.8466
2.9359 0.0000 0.4829 0.1486 0.0000 0.8514
2.9459 0.0000 0.4771 0.1438 0.0000 0.8562
2.9559 0.0000 0.4711 0.1391 0.0000 0.8609
2.9659 0.0000 0.4651 0.1344 0.0000 0.8656
2.9760 0.0000 0.4590 0.1298 0.0000 0.8702
2.9860 0.0000 0.4527 0.1253 0.0000 0.8747
2.9960 0.0000 0.4464 0.1208 0.0000 0.8792
3.0060 0.0359 0.4400 0.1164 0.0004 0.8833
3.0160 0.0947 0.4334 0.1120 0.0013 0.8868
3.0261 0.1522 0.4268 0.1078 0.0028 0.8897
3.0361 0.2086 0.4201 0.1035 0.0049 0.8920
3.0461 0.2638 0.4132 0.0994 0.0076 0.8938
3.0561 0.3178 0.4063 0.0953 0.0108 0.8949
3.0661 0.3706 0.3993 0.0913 0.0145 0.8955
3.0762 0.4221 0.3921 0.0874 0.0187 0.8955
3.0862 0.4725 0.3849 0.0835 0.0234 0.8950
3.0962 0.5216 0.3776 0.0798 0.0287 0.8939
3.1062 0.5696 0.3702 0.0761 0.0344 0.8922
3.1162 0.6163 0.3626 0.0724 0.0405 0.8900
3.1263 0.6619 0.3550 0.0689 0.0472 0.8872
3.1363 0.7062 0.3473 0.0654 0.0542 0.8839
3.1463 0.7493 0.3395 0.0620 0.0618 0.8801
3.1563 0.7913 0.3316 0.0587 0.0697 0.8757
3.1663 0.8320 0.3235 0.0554 0.0780 0.8709
3.1764 0.8715 0.3154 0.0523 0.0868 0.8655
3.1864 0.9098 0.3072 0.0492 0.0959 0.8597
3.1964 0.9469 0.2989 0.0462 0.1054 0.8533
3.2064 0.9828 0.2905 0.0433 0.1152 0.8465
3.2164 1.0175 0.2820 0.0404 0.1254 0.8392
3.2265 1.0510 0.2734 0.0377 0.1359 0.8315
3.2365 1.0833 0.2646 0.0351 0.1468 0.8233
3.2465 1.1144 0.2558 0.0325 0.1580 0.8147
3.2565 1.1443 0.2469 0.0300 0.1694 0.8056
3.2665 1.1730 0.2379 0.0276 0.1812 0.7962
3.2766 1.2004 0.2288 0.0253 0.1932 0.7864
3.2866 1.2267 0.2196 0.0231 0.2055 0.7761
3.2966 1.2518 0.2103 0.0210 0.2180 0.7655
3.3066 1.2756 0.2009 0.0190 0.2308 0.7546
3.3166 1.2983 0.1914 0.0171 0.2438 0.7432
3.3267 1.3197 0.1818 0.0153 0.2570 0.7316
3.3367 1.3399 0.1721 0.0136 0.2705 0.7196
3.3467 1.3590 0.1623 0.0119 0.2841 0.7074
3.3567 1.3768 0.1524 0.0104 0.2979 0.6948
3.3667 1.3934 0.1424 0.0090 0.3118 0.6820
3.3768 1.4089 0.1323 0.0077 0.3260 0.6689
3.3868 1.4231 0.1221 0.0064 0.3402 0.6555
3.3968 1.4361 0.1118 0.0053 0.3546 0.6420
3.4068 1.4479 0.1014 0.0043 0.3691 0.6282
3.4168 1.4585 0.0909 0.0034 0.3837 0.6142
3.4269 1.4679 0.0803 0.0026 0.3984 0.6000
3.4369 1.4761 0.0696 0.0019 0.4132 0.5857
3.4469 1.4831 0.0588 0.0013 0.4281 0.5712
3.4569 1.4889 0.0480 0.0008 0.4430 0.5565
3.4669 1.4934 0.0370 0.0004 0.4580 0.5418
3.4770 1.4968 0.0259 0.0002 0.4730 0.5269
3.4870 1.4990 0.0147 0.0000 0.4880 0.5120
3.4970 1.4999 0.0034 0.0000 0.5030 0.4970
3.5070 1.4997 0.0000 0.0000 0.5180 0.4820
3.5170 1.4983 0.0000 0.0000 0.5331 0.4669
3.5271 1.4956 0.0000 0.0000 0.5480 0.4520
3.5371 1.4918 0.0000 0.0000 0.5630 0.4370
3.5471 1.4867 0.0000 0.0000 0.5779 0.4221
3.5571 1.4804 0.0000 0.0000 0.5927 0.4073
3.5671 1.4730 0.0000 0.0000 0.6075 0.3925
3.5772 1.4643 0.0000 0.0000 0.6222 0.3778
3.5872 1.4544 0.0000 0.0000 0.6367 0.3633
3.5972 1.4433 0.0000 0.0000 0.6512 0.3488
3.6072 1.4310 0.0000 0.0000 0.6655 0.3345
3.6172 1.4175 0.0000 0.0000 0.6797 0.3203
3.6273 1.4028 0.0000 0.0000 0.6938 0.3062
3.6373 1.3869 0.0000 0.0000 0.7077 0.2923
3.6473 1.3698 0.0000 0.0000 0.7214 0.2786
3.6573 1.3515 0.0000 0.0000 0.7349 0.2651
3.6673 1.3320 0.0000 0.0000 0.7483 0.2517
3.6774 1.3113 0.0000 0.0000 0.7614 0.2386
3.6874 1.2893 0.0000 0.0000 0.7744 0.2256
3.6974 1.2662 0.0000 0.0000 0.7870 0.2130
3.7074 1.2419 0.0000 0.0000 0.7995 0.2005
3.7174 1.2163 0.0000 0.0000 0.8117 0.1883
3.7275 1.1896 0.0000 0.0000 0.8236 0.1764
3.7375 1.1616 0.0000 0.0000 0.8352 0.1648
3.7475 1.1325 0.0000 0.0000 0.8466 0.1534
3.7575 1.1021 0.0000 0.0000 0.8576 0.1424
3.7675 1.0705 0.0000 0.0000 0.8683 0.1317
3.7776 1.0378 0.0000 0.0000 0.8787 0.1213
3.7876 1.0038 0.0000 0.0000 0.8888 0.1112
3.7976 0.9686 0.0000 0.0000 0.8985 0.1015
3.8076 0.9322 0.0000 0.0000 0.9078 0.0922
3.8176 0.8946 0.0000 0.0000 0.9168 0.0832
3.8277 0.8559 0.0000 0.0000 0.9254 0.0746
3.8377 0.8159 0.0000 0.0000 0.9336 0.0664
3.8477 0.7746 0.0000 0.0000 0.9413 0.0587
3.8577 0.7322 0.0000 0.0000 0.9487 0.0513
3.8677 0.6886 0.0000 0.0000 0.9556 0.0444
3.8778 0.6438 0.0000 0.0000 0.9620 0.0380
3.8878 0.5978 0.0000 0.0000 0.9680 0.0320
3.8978 0.5506 0.0000 0.0000 0.9735 0.0265
3.9078 0.5021 0.0000 0.0000 0.9785 0.0215
3.9178 0.4525 0.0000 0.0000 0.9831 0.0169
3.9279 0.4016 0.0000 0.0000 0.9871 0.0129
3.9379 0.3496 0.0000 0.0000 0.9906 0.0094
3.9479 0.2963 0.0000 0.0000 0.9936 0.0064
3.9579 0.2419 0.0000 0.0000 0.9960 0.0040
3.9679 0.1862 0.0000 0.0000 0.9979 0.0021
3.9780 0.1293 0.0000 0.0000 0.9992 0.0008
3.9880 0.0713 0.0000 0.0000 0.9999 0.0001
3.9980 0.0120 0.0000 0.0000 1.0000 0.0000
4.0080 0.0000 0.0000 0.0000 1.0000 0.0000
4.0180 0.0000 0.0000 0.0000 1.0000 0.0000
4.0281 0.0000 0.0000 0.0000 1.0000 0.0000
4.0381 0.0000 0.0000 0.0000 1.0000 0.0000
4.0481 0.0000 0.0000 0.0000 1.0000 0.0000
4.0581 0.0000 0.0000 0.0000 1.0000 0.0000
4.0681 0.0000 0.0000 0.0000 1.0000 0.0000
4.0782 0.0000 0.0000 0.0000 1.0000 0.0000
4.0882 0.0000 0.0000 0.0000 1.0000 0.0000
4.0982 0.0000 0.0000 0.0000 1.0000 0.0000
4.1082 0.0000 0.0000 0.0000 1.0000 0.0000
4.1182 0.0000 0.0000 0.0000 1.0000 0.0000
4.1283 0.0000 0.0000 0.0000 1.0000 0.0000
4.1383 0.0000 0.0000 0.0000 1.0000 0.0000
4.1483 0.0000 0.0000 0.0000 1.0000 0.0000
4.1583 0.0000 0.0000 0.0000 1.0000 0.0000
4.1683 0.0000 0.0000 0.0000 1.0000 0.0000
4.1784 0.0000 0.0000 0.0000 1.0000 0.0000
4.1884 0.0000 0.0000 0.0000 1.0000 0.0000
4.1984 0.0000 0.0000 0.0000 1.0000 0.0000
4.2084 0.0000 0.0000 0.0000 1.0000 0.0000
4.2184 0.0000 0.0000 0.0000 1.0000 0.0000
4.2285 0.0000 0.0000 0.0000 1.0000 0.0000
4.2385 0.0000 0.0000 0.0000 1.0000 0.0000
4.2485 0.0000 0.0000 0.0000 1.0000 0.0000
4.2585 0.0000 0.0000 0.0000 1.0000 0.0000
4.2685 0.0000 0.0000 0.0000 1.0000 0.0000
4.2786 0.0000 0.0000 0.0000 1.0000 0.0000
4.2886 0.0000 0.0000 0.0000 1.0000 0.0000
4.2986 0.0000 0.0000 0.0000 1.0000 0.0000
4.3086 0.0000 0.0000 0.0000 1.0000 0.0000
4.3186 0.0000 0.0000 0.0000 1.0000 0.0000
4.3287 0.0000 0.0000 0.0000 1.0000 0.0000
4.3387 0.0000 0.0000 0.0000 1.0000 0.0000
4.3487 0.0000 0.0000 0.0000 1.0000 0.0000
4.3587 0.0000 0.0000 0.0000 1.0000 0.0000
4.3687 0.0000 0.0000 0.0000 1.0000 0.0000
4.3788 0.0000 0.0000 0.0000 1.0000 0.0000
4.3888 0.0000 0.0000 0.0000 1.0000 0.0000
4.3988 0.0000 0.0000 0.0000 1.0000 0.0000
4.4088 0.0000 0.0000 0.0000 1.0000 0.0000
4.4188 0.0000 0.0000 0.0000 1.0000 0.0000
4.4289 0.0000 0.0000 0.0000 1.0000 0.0000
4.4389 0.0000 0.0000 0.0000 1.0000 0.0000
4.4489 0.0000 0.0000 0.0000 1.0000 0.0000
4.4589 0.0000 0.0000 0.0000 1.0000 0.0000
4.4689 0.0000 0.0000 0.0000 1.0000 0.0000
4.4790 0.0000 0.0000 0.0000 1.0000 0.0000
4.4890 0.0000 0.0000 0.0000 1.0000 0.0000
4.4990 0.0000 0.0000 0.0000 1.0000 0.0000
4.5090 0.0000 0.0000 0.0000 1.0000 0.0000
4.5190 0.0000 0.0000 0.0000 1.0000 0.0000
4.5291 0.0000 0.0000 0.0000 1.0000 0.0000
4.5391 0.0000 0.0000 0.0000 1.0000 0.0000
4.5491 0.0000 0.0000 0.0000 1.0000 0.0000
4.5591 0.0000 0.0000 0.0000 1.0000 0.0000
4.5691 0.0000 0.0000 0.0000 1.0000 0.0000
4.5792 0.0000 0.0000 0.0000 1.0000 0.0000
4.5892 0.0000 0.0000 0.0000 1.0000 0.0000
4.5992 0.0000 0.0000 0.0000 1.0000 0.0000
4.6092 0.0000 0.0000 0.0000 1.0000 0.0000
4.6192 0.0000 0.0000 0.0000 1.0000 0.0000
4.6293 0.0000 0.0000 0.0000 1.0000 0.0000
4.6393 0.0000 0.0000 0.0000 1.0000 0.0000
4.6493 0.0000 0.0000 0.0000 1.0000 0.0000
4.6593 0.0000 0.0000 0.0000 1.0000 0.0000
4.6693 0.0000 0.0000 0.0000 1.0000 0.0000
4.6794 0.0000 0.0000 0.0000 1.0000 0.0000
4.6894 0.0000 0.0000 0.0000 1.0000 0.0000
4.6994 0.0000 0.0000 0.0000 1.0000 0.0000
4.7094 0.0000 0.0000 0.0000 1.0000 0.0000
4.7194 0.0000 0.0000 0.0000 1.0000 0.0000
4.7295 0.0000 0.0000 0.0000 1.0000 0.0000
4.7395 0.0000 0.0000 0.0000 1.0000 0.0000
4.7495 0.0000 0.0000 0.0000 1.0000 0.0000
4.7595 0.0000 0.0000 0.0000 1.0000 0.0000
4.7695 0.0000 0.0000 0.0000 1.0000 0.0000
4.7796 0.0000 0.0000 0.0000 1.0000 0.0000
4.7896 0.0000 0.0000 0.0000 1.0000 0.0000
4.7996 0.0000 0.0000 0.0000 1.0000 0.0000
4.8096 0.0000 0.0000 0.0000 1.0000 0.0000
4.8196 0.0000 0.0000 0.0000 1.0000 0.0000
4.8297 0.0000 0.0000 0.0000 1.0000 0.0000
4.8397 0.0000 0.0000 0.0000 1.0000 0.0000
4.8497 0.0000 0.0000 0.0000 1.0000 0.0000
4.8597 0.0000 0.0000 0.0000 1.0000 0.0000
4.8697 0.0000 0.0000 0.0000 1.0000 0.0000
4.8798 0.0000 0.0000 0.0000 1.0000 0.0000
4.8898 0.0000 0.0000 0.0000 1.0000 0.0000
4.8998 0.0000 0.0000 0.0000 1.0000 0.0000
4.9098 0.0000 0.0000 0.0000 1.0000 0.0000
4.9198 0.0000 0.0000 0.0000 1.0000 0.0000
4.9299 0.0000 0.0000 0.0000 1.0000 0.0000
4.9399 0.0000 0.0000 0.0000 1.0000 0.0000
4.9499 0.0000 0.0000 0.0000 1.0000 0.0000
4.9599 0.0000 0.0000 0.0000 1.0000 0.0000
4.9699 0.0000 0.0000 0.0000 1.0000 0.0000
4.9800 0.0000 0.0000 0.0000 1.0000 0.0000
4.9900 0.0000 0.0000 0.0000 1.0000 0.0000
5.0000 0.0000 0.0000 0.0000 1.0000 0.0000
