s PU PA
0.0000000000 0.0000000000 0.0000000000
0.0050050050 0.0000000000 0.0000000000
0.0100100100 0.0000000000 0.0000000000
0.0150150150 0.0000000000 0.0000000000
0.0200200200 0.0000000000 0.0000000000
0.0250250250 0.0000000000 0.0000000000
0.0300300300 0.0000000000 0.0000000000
0.0350350350 0.0000000000 0.0000000000
0.0400400400 0.0000000000 0.0000000000
0.0450450450 0.0000000000 0.0000000000
0.0500500501 0.0000000000 0.0000000000
0.0550550551 0.0000000000 0.0000000000
0.0600600601 0.0000000000 0.0000000000
0.0650650651 0.0000000000 0.0000000000
0.0700700701 0.0000000000 0.0000000000
0.0750750751 0.0000000000 0.0000000000
0.0800800801 0.0000000000 0.0000000000
0.0850850851 0.0000000000 0.0000000000
0.0900900901 0.0000000000 0.0000000000
0.0950950951 0.0000000000 0.0000000000
0.1001001001 0.0000000000 0.0000000000
0.1051051051 0.0000000000 0.0000000000
0.1101101101 0.0000000000 0.0000000000
0.1151151151 0.0000000000 0.0000000000
0.1201201201 0.0000000000 0.0000000000
0.1251251251 0.0000000000 0.0000000000
0.1301301301 0.0000000000 0.0000000000
0.1351351351 0.0000000000 0.0000000000
0.1401401401 0.0000000000 0.0000000000
0.1451451451 0.0000000000 0.0000000000
0.1501501502 0.0000000000 0.0000000000
0.1551551552 0.0000000000 0.0000000000
0.1601601602 0.0000000000 0.0000000000
0.1651651652 0.0000000000 0.0000000000
0.1701701702 0.0000000000 0.0000000000
0.1751751752 0.0000000000 0.0000000000
0.1801801802 0.0000000000 0.0000000000
0.1851851852 0.0000000000 0.0000000000
0.1901901902 0.0000000000 0.0000000000
0.1951951952 0.0000000000 0.0000000000
0.2002002002 0.0000000000 0.0000000000
0.2052052052 0.0000000000 0.0000000000
0.2102102102 0.0000000000 0.0000000000
0.2152152152 0.0000000000 0.0000000000
0.2202202202 0.0000000000 0.0000000000
0.2252252252 0.0000000000 0.0000000000
0.2302302302 0.0000000000 0.0000000000
0.2352352352 0.0000000000 0.0000000000
0.2402402402 0.0000000000 0.0000000000
0.2452452452 0.0000000000 0.0000000000
0.2502502503 0.0000000000 0.0000000000
0.2552552553 0.0000000000 0.0000000000
0.2602602603 0.0000000000 0.0000000000
0.2652652653 0.0000000000 0.0000000000
0.2702702703 0.0000000000 0.0000000000
0.2752752753 0.0000000000 0.0000000000
0.2802802803 0.0000000000 0.0000000000
0.2852852853 0.0000000000 0.0000000000
0.2902902903 0.0000000000 0.0000000000
0.2952952953 0.0000000000 0.0000000000
0.3003003003 0.0000000000 0.0000000000
0.3053053053 0.0000000000 0.0000000000
0.3103103103 0.0000000000 0.0000000000
0.3153153153 0.0000000000 0.0000000000
0.3203203203 0.0000000000 0.0000000000
0.3253253253 0.0000000000 0.0000000000
0.3303303303 0.0000000000 0.0000000000
0.3353353353 0.0000000000 0.0000000000
0.3403403403 0.0000000000 0.0000000000
0.3453453453 0.0000000000 0.0000000000
0.3503503504 0.0000000000 0.0000000000
0.3553553554 0.0000000000 0.0000000000
0.3603603604 0.0000000000 0.0000000000
0.3653653654 0.0000000000 0.0000000000
0.3703703704 0.0000000000 0.0000000000
0.3753753754 0.0000000000 0.0000000000
0.3803803804 0.0000000000 0.0000000000
0.3853853854 0.0000000000 0.0000000000
0.3903903904 0.0000000000 0.0000000000
0.3953953954 0.0000000000 0.0000000000
0.4004004004 0.0000000000 0.0000000000
0.4054054054 0.0000000000 0.0000000000
0.4104104104 0.0000000000 0.0000000000
0.4154154154 0.0000000000 0.0000000000
0.4204204204 0.0000000000 0.0000000000
0.4254254254 0.0000000000 0.0000000000
0.4304304304 0.0000000000 0.0000000000
0.4354354354 0.0000000000 0.0000000000
0.4404404404 0.0000000000 0.0000000000
0.4454454454 0.0000000000 0.0000000000
0.4504504505 0.0000000000 0.0000000000
0.4554554555 0.0000000000 0.0000000000
0.4604604605 0.0000000000 0.0000000000
0.4654654655 0.0000000000 0.0000000000
0.4704704705 0.0000000000 0.0000000000
0.4754754755 0.0000000000 0.0000000000
0.4804804805 0.0000000000 0.0000000000
0.4854854855 0.0000000000 0.0000000000
0.4904904905 0.0000000000 0.0000000000
0.4954954955 0.0000000000 0.0000000000
0.5005005005 0.0000000000 0.0000000000
0.5055055055 0.0000000000 0.0000000000
0.5105105105 0.0000000000 0.0000000000
0.5155155155 0.0000000000 0.0000000000
0.5205205205 0.0000000000 0.0000000000
0.5255255255 0.0000000000 0.0000000000
0.5305305305 0.0000000000 0.0000000000
0.5355355355 0.0000000000 0.0000000000
0.5405405405 0.0000000000 0.0000000000
0.5455455455 0.0000000000 0.0000000000
0.5505505506 0.0000000000 0.0000000000
0.5555555556 0.0000000000 0.0000000000
0.5605605606 0.0000000000 0.0000000000
0.5655655656 0.0000000000 0.0000000000
0.5705705706 0.0000000000 0.0000000000
0.5755755756 0.0000000000 0.0000000000
0.5805805806 0.0000000000 0.0000000000
0.5855855856 0.0000000000 0.0000000000
0.5905905906 0.0000000000 0.0000000000
0.5955955956 0.0000000000 0.0000000000
0.6006006006 0.0000000000 0.0000000000
0.6056056056 0.0000000000 0.0000000000
0.6106106106 0.0000000000 0.0000000000
0.6156156156 0.0000000000 0.0000000000
0.6206206206 0.0000000000 0.0000000000
0.6256256256 0.0000000000 0.0000000000
0.6306306306 0.0000000000 0.0000000000
0.6356356356 0.0000000000 0.0000000000
0.6406406406 0.0000000000 0.0000000000
0.6456456456 0.0000000000 0.0000000000
0.6506506507 0.0000000000 0.0000000000
0.6556556557 0.0000000000 0.0000000000
0.6606606607 0.0000000000 0.0000000000
0.6656656657 0.0000000000 0.0000000000
0.6706706707 0.0000000000 0.0000000000
0.6756756757 0.0000000000 0.0000000000
0.6806806807 0.0000000000 0.0000000000
0.6856856857 0.0000000000 0.0000000000
0.6906906907 0.0000000000 0.0000000000
0.6956956957 0.0000000000 0.0000000000
0.7007007007 0.0000000000 0.0000000000
0.7057057057 0.0000000000 0.0000000000
0.7107107107 0.0000000000 0.0000000000
0.7157157157 0.0000000000 0.0000000000
0.7207207207 0.0000000000 0.0000000000
0.7257257257 0.0000000000 0.0000000000
0.7307307307 0.0000000000 0.0000000000
0.7357357357 0.0000000000 0.0000000000
0.7407407407 0.0000000000 0.0000000000
0.7457457457 0.0000000000 0.0000000000
0.7507507508 0.0000000000 0.0000000000
0.7557557558 0.0000000000 0.0000000000
0.7607607608 0.0000000000 0.0000000000
0.7657657658 0.0000000000 0.0000000000
0.7707707708 0.0000000000 0.0000000000
0.7757757758 0.0000000000 0.0000000000
0.7807807808 0.0000000000 0.0000000000
0.7857857858 0.0000000000 0.0000000000
0.7907907908 0.0000000000 0.0000000000
0.7957957958 0.0000000000 0.0000000000
0.8008008008 0.0000000000 0.0000000000
0.8058058058 0.0000000000 0.0000000000
0.8108108108 0.0000000000 0.0000000000
0.8158158158 0.0000000000 0.0000000000
0.8208208208 0.0000000000 0.0000000000
0.8258258258 0.0000000000 0.0000000000
0.8308308308 0.0000000000 0.0000000000
0.8358358358 0.0000000000 0.0000000000
0.8408408408 0.0000000000 0.0000000000
0.8458458458 0.0000000000 0.0000000000
0.8508508509 0.0000000000 0.0000000000
0.8558558559 0.0000000000 0.0000000000
0.8608608609 0.0000000000 0.0000000000
0.8658658659 0.0000000000 0.0000000000
0.8708708709 0.0000000000 0.0000000000
0.8758758759 0.0000000000 0.0000000000
0.8808808809 0.0000000000 0.0000000000
0.8858858859 0.0000000000 0.0000000000
0.8908908909 0.0000000000 0.0000000000
0.8958958959 0.0000000000 0.0000000000
0.9009009009 0.0000000000 0.0000000000
0.9059059059 0.0000000000 0.0000000000
0.9109109109 0.0000000000 0.0000000000
0.9159159159 0.0000000000 0.0000000000
0.9209209209 0.0000000000 0.0000000000
0.9259259259 0.0000000000 0.0000000000
0.9309309309 0.0000000000 0.0000000000
0.9359359359 0.0000000000 0.0000000000
0.9409409409 0.0000000000 0.0000000000
0.9459459459 0.0000000000 0.0000000000
0.9509509510 0.0000000000 0.0000000000
0.9559559560 0.0000000000 0.0000000000
0.9609609610 0.0000000000 0.0000000000
0.9659659660 0.0000000000 0.0000000000
0.9709709710 0.0000000000 0.0000000000
0.9759759760 0.0000000000 0.0000000000
0.9809809810 0.0000000000 0.0000000000
0.9859859860 0.0000000000 0.0000000000
0.9909909910 0.0000000000 0.0000000000
0.9959959960 0.0000000000 0.0000000000
1.0010010010 0.0000000000 0.0000000000
1.0060060060 0.0000000000 0.0000000000
1.0110110110 0.0000000000 0.0000000000
1.0160160160 0.0000000000 0.0000000000
1.0210210210 0.0000000000 0.0000000000
1.0260260260 0.0000000000 0.0000000000
1.0310310310 0.0000000000 0.0000000000
1.0360360360 0.0000000000 0.0000000000
1.0410410410 0.0000000000 0.0000000000
1.0460460460 0.0000000000 0.0000000000
1.0510510511 0.0000000000 0.0000000000
1.0560560561 0.0000000000 0.0000000000
1.0610610611 0.0000000000 0.0000000000
1.0660660661 0.0000000000 0.0000000000
1.0710710711 0.0000000000 0.0000000000
1.0760760761 0.0000000000 0.0000000000
1.0810810811 0.0000000000 0.0000000000
1.0860860861 0.0000000000 0.0000000000
1.0910910911 0.0000000000 0.0000000000
1.0960960961 0.0000000000 0.0000000000
1.1011011011 0.0000000000 0.0000000000
1.1061061061 0.0000000000 0.0000000000
1.1111111111 0.0000000000 0.0000000000
1.1161161161 0.0000000000 0.0000000000
1.1211211211 0.0000000000 0.0000000000
1.1261261261 0.0000000000 0.0000000000
1.1311311311 0.0000000000 0.0000000000
1.1361361361 0.0000000000 0.0000000000
1.1411411411 0.0000000000 0.0000000000
1.1461461461 0.0000000000 0.0000000000
1.1511511512 0.0000000000 0.0000000000
1.1561561562 0.0000000000 0.0000000000
1.1611611612 0.0000000000 0.0000000000
1.1661661662 0.0000000000 0.0000000000
1.1711711712 0.0000000000 0.0000000000
1.1761761762 0.0000000000 0.0000000000
1.1811811812 0.0000000000 0.0000000000
1.1861861862 0.0000000000 0.0000000000
1.1911911912 0.0000000000 0.0000000000
1.1961961962 0.0000000000 0.0000000000
1.2012012012 0.0000000000 0.0000000000
1.2062062062 0.0000000000 0.0000000000
1.2112112112 0.0000000000 0.0000000000
1.2162162162 0.0000000000 0.0000000000
1.2212212212 0.0000000000 0.0000000000
1.2262262262 0.0000000000 0.0000000000
1.2312312312 0.0000000000 0.0000000000
1.2362362362 0.0000000000 0.0000000000
1.2412412412 0.0000000000 0.0000000000
1.2462462462 0.0000000000 0.0000000000
1.2512512513 0.0000000000 0.0000000000
1.2562562563 0.0000000000 0.0000000000
1.2612612613 0.0000000000 0.0000000000
1.2662662663 0.0000000000 0.0000000000
1.2712712713 0.0000000000 0.0000000000
1.2762762763 0.0000000000 0.0000000000
1.2812812813 0.0000000000 0.0000000000
1.2862862863 0.0000000000 0.0000000000
1.2912912913 0.0000000000 0.0000000000
1.2962962963 0.0000000000 0.0000000000
1.3013013013 0.0000000000 0.0000000000
1.3063063063 0.0000000000 0.0000000000
1.3113113113 0.0000000000 0.0000000000
1.3163163163 0.0000000000 0.0000000000
1.3213213213 0.0000000000 0.0000000000
1.3263263263 0.0000000000 0.0000000000
1.3313313313 0.0000000000 0.0000000000
1.3363363363 0.0000000000 0.0000000000
1.3413413413 0.0000000000 0.0000000000
1.3463463463 0.0000000000 0.0000000000
1.3513513514 0.0000000000 0.0000000000
1.3563563564 0.0000000000 0.0000000000
1.3613613614 0.0000000000 0.0000000000
1.3663663664 0.0000000000 0.0000000000
1.3713713714 0.0000000000 0.0000000000
1.3763763764 0.0000000000 0.0000000000
1.3813813814 0.0000000000 0.0000000000
1.3863863864 0.0000000000 0.0000000000
1.3913913914 0.0000000000 0.0000000000
1.3963963964 0.0000000000 0.0000000000
1.4014014014 0.0000000000 0.0000000000
1.4064064064 0.0000000000 0.0000000000
1.4114114114 0.0000000000 0.0000000000
1.4164164164 0.0000000000 0.0000000000
1.4214214214 0.0000000000 0.0000000000
1.4264264264 0.0000000000 0.0000000000
1.4314314314 0.0000000000 0.0000000000
1.4364364364 0.0000000000 0.0000000000
1.4414414414 0.0000000000 0.0000000000
1.4464464464 0.0000000000 0.0000000000
1.4514514515 0.0000000000 0.0000000000
1.4564564565 0.0000000000 0.0000000000
1.4614614615 0.0000000000 0.0000000000
1.4664664665 0.0000000000 0.0000000000
1.4714714715 0.0000000000 0.0000000000
1.4764764765 0.0000000000 0.0000000000
1.4814814815 0.0000000000 0.0000000000
1.4864864865 0.0000000000 0.0000000000
1.4914914915 0.0000000000 0.0000000000
1.4964964965 0.0000000000 0.0000000000
1.5015015015 0.0000000000 0.0000000000
1.5065065065 0.0000000000 0.0000000000
1.5115115115 0.0000000000 0.0000000000
1.5165165165 0.0000000000 0.0000000000
1.5215215215 0.0000000000 0.0000000000
1.5265265265 0.0000000000 0.0000000000
1.5315315315 0.0000000000 0.0000000000
1.5365365365 0.0000000000 0.0000000000
1.5415415415 0.0000000000 0.0000000000
1.5465465465 0.0000000000 0.0000000000
1.5515515516 0.0000000000 0.0000000000
1.5565565566 0.0000000000 0.0000000000
1.5615615616 0.0000000000 0.0000000000
1.5665665666 0.0000000000 0.0000000000
1.5715715716 0.0000000000 0.0000000000
1.5765765766 0.0000000000 0.0000000000
1.5815815816 0.0000000000 0.0000000000
1.5865865866 0.0000000000 0.0000000000
1.5915915916 0.0000000000 0.0000000000
1.5965965966 0.0000000000 0.0000000000
1.6016016016 0.0000000000 0.0000000000
1.6066066066 0.0000000000 0.0000000000
1.6116116116 0.0000000000 0.0000000000
1.6166166166 0.0000000000 0.0000000000
1.6216216216 0.0000000000 0.0000000000
1.6266266266 0.0000000000 0.0000000000
1.6316316316 0.0000000000 0.0000000000
1.6366366366 0.0000000000 0.0000000000
1.6416416416 0.0000000000 0.0000000000
1.6466466466 0.0000000000 0.0000000000
1.6516516517 0.0000000000 0.0000000000
1.6566566567 0.0000000000 0.0000000000
1.6616616617 0.0000000000 0.0000000000
1.6666666667 0.0000000000 0.0000000000
1.6716716717 0.0000000000 0.0000000000
1.6766766767 0.0000000000 0.0000000000
1.6816816817 0.0000000000 0.0000000000
1.6866866867 0.0000000000 0.0000000000
1.6916916917 0.0000000000 0.0000000000
1.6966966967 0.0000000000 0.0000000000
1.7017017017 0.0000000000 0.0000000000
1.7067067067 0.0000000000 0.0000000000
1.7117117117 0.0000000000 0.0000000000
1.7167167167 0.0000000000 0.0000000000
1.7217217217 0.0000000000 0.0000000000
1.7267267267 0.0000000000 0.0000000000
1.7317317317 0.0000000000 0.0000000000
1.7367367367 0.0000000000 0.0000000000
1.7417417417 0.0000000000 0.0000000000
1.7467467467 0.0000000000 0.0000000000
1.7517517518 0.0000000000 0.0000000000
1.7567567568 0.0000000000 0.0000000000
1.7617617618 0.0000000000 0.0000000000
1.7667667668 0.0000000000 0.0000000000
1.7717717718 0.0000000000 0.0000000000
1.7767767768 0.0000000000 0.0000000000
1.7817817818 0.0000000000 0.0000000000
1.7867867868 0.0000000000 0.0000000000
1.7917917918 0.0000000000 0.0000000000
1.7967967968 0.0000000000 0.0000000000
1.8018018018 0.0000000000 0.0000000000
1.8068068068 0.0000000000 0.0000000000
1.8118118118 0.0000000000 0.0000000000
1.8168168168 0.0000000000 0.0000000000
1.8218218218 0.0000000000 0.0000000000
1.8268268268 0.0000000000 0.0000000000
1.8318318318 0.0000000000 0.0000000000
1.8368368368 0.0000000000 0.0000000000
1.8418418418 0.0000000000 0.0000000000
1.8468468468 0.0000000000 0.0000000000
1.8518518519 0.0000000000 0.0000000000
1.8568568569 0.0000000000 0.0000000000
1.8618618619 0.0000000000 0.0000000000
1.8668668669 0.0000000000 0.0000000000
1.8718718719 0.0000000000 0.0000000000
1.8768768769 0.0000000000 0.0000000000
1.8818818819 0.0000000000 0.0000000000
1.8868868869 0.0000000000 0.0000000000
1.8918918919 0.0000000000 0.0000000000
1.8968968969 0.0000000000 0.0000000000
1.9019019019 0.0000000000 0.0000000000
1.9069069069 0.0000000000 0.0000000000
1.9119119119 0.0000000000 0.0000000000
1.9169169169 0.0000000000 0.0000000000
1.9219219219 0.0000000000 0.0000000000
1.9269269269 0.0000000000 0.0000000000
1.9319319319 0.0000000000 0.0000000000
1.9369369369 0.0000000000 0.0000000000
1.9419419419 0.0000000000 0.0000000000
1.9469469469 0.0000000000 0.0000000000
1.9519519520 0.0000000000 0.0000000000
1.9569569570 0.0000000000 0.0000000000
1.9619619620 0.0000000000 0.0000000000
1.9669669670 0.0000000000 0.0000000000
1.9719719720 0.0000000000 0.0000000000
1.9769769770 0.0000000000 0.0000000000
1.9819819820 0.0000000000 0.0000000000
1.9869869870 0.0000000000 0.0000000000
1.9919919920 0.0000000000 0.0000000000
1.9969969970 0.0000000000 0.0000000000
2.0020020020 0.0000000000 0.0053315467
2.0070070070 0.0000000000 0.0185980664
2.0120120120 0.0000000000 0.0317755193
2.0170170170 0.0000000000 0.0448639052
2.0220220220 0.0000000000 0.0578632241
2.0270270270 0.0000000000 0.0707734762
2.0320320320 0.0000000000 0.0835946613
2.0370370370 0.0000000000 0.0963267795
2.0420420420 0.0000000000 0.1089698307
2.0470470470 0.0000000000 0.1215238150
2.0520520521 0.0000000000 0.1339887324
2.0570570571 0.0000000000 0.1463645828
2.0620620621 0.0000000000 0.1586513663
2.0670670671 0.0000000000 0.1708490829
2.0720720721 0.0000000000 0.1829577325
2.0770770771 0.0000000000 0.1949773152
2.0820820821 0.0000000000 0.2069078310
2.0870870871 0.0000000000 0.2187492798
2.0920920921 0.0000000000 0.2305016617
2.0970970971 0.0000000000 0.2421649767
2.1021021021 0.0000000000 0.2537392247
2.1071071071 0.0000000000 0.2652244058
2.1121121121 0.0000000000 0.2766205200
2.1171171171 0.0000000000 0.2879275672
2.1221221221 0.0000000000 0.2991455475
2.1271271271 0.0000000000 0.3102744609
2.1321321321 0.0000000000 0.3213143073
2.1371371371 0.0000000000 0.3322650868
2.1421421421 0.0000000000 0.3431267994
2.1471471471 0.0000000000 0.3538994450
2.1521521522 0.0000000000 0.3645830237
2.1571571572 0.0000000000 0.3751775354
2.1621621622 0.0000000000 0.3856829803
2.1671671672 0.0000000000 0.3960993582
2.1721721722 0.0000000000 0.4064266691
2.1771771772 0.0000000000 0.4166649132
2.1821821822 0.0000000000 0.4268140903
2.1871871872 0.0000000000 0.4368742004
2.1921921922 0.0000000000 0.4468452436
2.1971971972 0.0000000000 0.4567272199
2.2022022022 0.0000000000 0.4665201293
2.2072072072 0.0000000000 0.4762239717
2.2122122122 0.0000000000 0.4858387472
2.2172172172 0.0000000000 0.4953644558
2.2222222222 0.0000000000 0.5048010974
2.2272272272 0.0000000000 0.5141486721
2.2322322322 0.0000000000 0.5234071798
2.2372372372 0.0000000000 0.5325766207
2.2422422422 0.0000000000 0.5416569946
2.2472472472 0.0000000000 0.5506483015
2.2522522523 0.0000000000 0.5595505415
2.2572572573 0.0000000000 0.5683637146
2.2622622623 0.0000000000 0.5770878208
2.2672672673 0.0000000000 0.5857228600
2.2722722723 0.0000000000 0.5942688323
2.2772772773 0.0000000000 0.6027257376
2.2822822823 0.0000000000 0.6110935761
2.2872872873 0.0000000000 0.6193723475
2.2922922923 0.0000000000 0.6275620521
2.2972972973 0.0000000000 0.6356626897
2.3023023023 0.0000000000 0.6436742604
2.3073073073 0.0000000000 0.6515967642
2.3123123123 0.0000000000 0.6594302010
2.3173173173 0.0000000000 0.6671745709
2.3223223223 0.0000000000 0.6748298738
2.3273273273 0.0000000000 0.6823961098
2.3323323323 0.0000000000 0.6898732789
2.3373373373 0.0000000000 0.6972613811
2.3423423423 0.0000000000 0.7045604163
2.3473473473 0.0000000000 0.7117703846
2.3523523524 0.0000000000 0.7188912859
2.3573573574 0.0000000000 0.7259231203
2.3623623624 0.0000000000 0.7328658878
2.3673673674 0.0000000000 0.7397195883
2.3723723724 0.0000000000 0.7464842220
2.3773773774 0.0000000000 0.7531597886
2.3823823824 0.0000000000 0.7597462884
2.3873873874 0.0000000000 0.7662437212
2.3923923924 0.0000000000 0.7726520871
2.3973973974 0.0000000000 0.7789713860
2.4024024024 0.0000000000 0.7852016180
2.4074074074 0.0000000000 0.7913427831
2.4124124124 0.0000000000 0.7973948813
2.4174174174 0.0000000000 0.8033579125
2.4224224224 0.0000000000 0.8092318767
2.4274274274 0.0000000000 0.8150167741
2.4324324324 0.0000000000 0.8207126045
2.4374374374 0.0000000000 0.8263193680
2.4424424424 0.0000000000 0.8318370645
2.4474474474 0.0000000000 0.8372656941
2.4524524525 0.0000000000 0.8426052568
2.4574574575 0.0000000000 0.8478557525
2.4624624625 0.0000000000 0.8530171813
2.4674674675 0.0000000000 0.8580895432
2.4724724725 0.0000000000 0.8630728382
2.4774774775 0.0000000000 0.8679670662
2.4824824825 0.0000000000 0.8727722272
2.4874874875 0.0000000000 0.8774883214
2.4924924925 0.0000000000 0.8821153486
2.4974974975 0.0000000000 0.8866533089
2.5025025025 0.0000000000 0.8911022022
2.5075075075 0.0000000000 0.8954620286
2.5125125125 0.0000000000 0.8997327881
2.5175175175 0.0000000000 0.9039144806
2.5225225225 0.0000000000 0.9080071062
2.5275275275 0.0000000000 0.9120106649
2.5325325325 0.0000000000 0.9159251566
2.5375375375 0.0000000000 0.9197505814
2.5425425425 0.0000000000 0.9234869393
2.5475475475 0.0000000000 0.9271342302
2.5525525526 0.0000000000 0.9306924542
2.5575575576 0.0000000000 0.9341616113
2.5625625626 0.0000000000 0.9375417014
2.5675675676 0.0000000000 0.9408327246
2.5725725726 0.0000000000 0.9440346809
2.5775775776 0.0000000000 0.9471475702
2.5825825826 0.0000000000 0.9501713926
2.5875875876 0.0000000000 0.9531061481
2.5925925926 0.0000000000 0.9559518366
2.5975975976 0.0000000000 0.9587084582
2.6026026026 0.0000000000 0.9613760129
2.6076076076 0.0000000000 0.9639545006
2.6126126126 0.0000000000 0.9664439214
2.6176176176 0.0000000000 0.9688442753
2.6226226226 0.0000000000 0.9711555622
2.6276276276 0.0000000000 0.9733777822
2.6326326326 0.0000000000 0.9755109352
2.6376376376 0.0000000000 0.9775550214
2.6426426426 0.0000000000 0.9795100406
2.6476476476 0.0000000000 0.9813759928
2.6526526527 0.0000000000 0.9831528782
2.6576576577 0.0000000000 0.9848406966
2.6626626627 0.0000000000 0.9864394480
2.6676676677 0.0000000000 0.9879491325
2.6726726727 0.0000000000 0.9893697501
2.6776776777 0.0000000000 0.9907013008
2.6826826827 0.0000000000 0.9919437845
2.6876876877 0.0000000000 0.9930972013
2.6926926927 0.0000000000 0.9941615512
2.6976976977 0.0000000000 0.9951368341
2.7027027027 0.0000000000 0.9960230501
2.7077077077 0.0000000000 0.9968201991
2.7127127127 0.0000000000 0.9975282813
2.7177177177 0.0000000000 0.9981472964
2.7227227227 0.0000000000 0.9986772447
2.7277277277 0.0000000000 0.9991181260
2.7327327327 0.0000000000 0.9994699404
2.7377377377 0.0000000000 0.9997326879
2.7427427427 0.0000000000 0.9999063684
2.7477477477 0.0000000000 0.9999909820
2.7527527528 0.0000000000 0.9999865286
2.7577577578 0.0000000000 0.9998930083
2.7627627628 0.0000000000 0.9997104211
2.7677677678 0.0000000000 0.9994387670
2.7727727728 0.0000000000 0.9990780459
2.7777777778 0.0000000000 0.9986282579
2.7827827828 0.0000000000 0.9980894029
2.7877877878 0.0000000000 0.9974614811
2.7927927928 0.0000000000 0.9967444922
2.7977977978 0.0000000000 0.9959384365
2.8028028028 0.0000000000 0.9950433138
2.8078078078 0.0000000000 0.9940591242
2.8128128128 0.0000000000 0.9929858676
2.8178178178 0.0000000000 0.9918235442
2.8228228228 0.0000000000 0.9905721537
2.8278278278 0.0000000000 0.9892316964
2.8328328328 0.0000000000 0.9878021721
2.8378378378 0.0000000000 0.9862835809
2.8428428428 0.0000000000 0.9846759227
2.8478478478 0.0000000000 0.9829791976
2.8528528529 0.0000000000 0.9811934056
2.8578578579 0.0000000000 0.9793185467
2.8628628629 0.0000000000 0.9773546208
2.8678678679 0.0000000000 0.9753016280
2.8728728729 0.0000000000 0.9731595682
2.8778778779 0.0000000000 0.9709284415
2.8828828829 0.0000000000 0.9686082479
2.8878878879 0.0000000000 0.9661989873
2.8928928929 0.0000000000 0.9637006598
2.8978978979 0.0000000000 0.9611132654
2.9029029029 0.0000000000 0.9584368041
2.9079079079 0.0000000000 0.9556712758
2.9129129129 0.0000000000 0.9528166805
2.9179179179 0.0000000000 0.9498730184
2.9229229229 0.0000000000 0.9468402893
2.9279279279 0.0000000000 0.9437184933
2.9329329329 0.0000000000 0.9405076303
2.9379379379 0.0000000000 0.9372077004
2.9429429429 0.0000000000 0.9338187036
2.9479479479 0.0000000000 0.9303406398
2.9529529530 0.0000000000 0.9267735091
2.9579579580 0.0000000000 0.9231173115
2.9629629630 0.0000000000 0.9193720469
2.9679679680 0.0000000000 0.9155377154
2.9729729730 0.0000000000 0.9116143170
2.9779779780 0.0000000000 0.9076018517
2.9829829830 0.0000000000 0.9035003194
2.9879879880 0.0000000000 0.8993097201
2.9929929930 0.0000000000 0.8950300540
2.9979979980 0.0000000000 0.8906613209
3.0030030030 0.0179639099 0.8862035208
3.0080080080 0.0476632789 0.8816566539
3.0130130130 0.0770620470 0.8770207200
3.0180180180 0.1061602143 0.8722957191
3.0230230230 0.1349577806 0.8674816514
3.0280280280 0.1634547460 0.8625785167
3.0330330330 0.1916511106 0.8575863150
3.0380380380 0.2195468742 0.8525050465
3.0430430430 0.2471420369 0.8473347110
3.0480480480 0.2744365988 0.8420753085
3.0530530531 0.3014305597 0.8367268392
3.0580580581 0.3281239197 0.8312893029
3.0630630631 0.3545166788 0.8257626996
3.0680680681 0.3806088371 0.8201470295
3.0730730731 0.4064003944 0.8144422924
3.0780780781 0.4318913508 0.8086484883
3.0830830831 0.4570817063 0.8027656174
3.0880880881 0.4819714610 0.7967936795
3.0930930931 0.5065606147 0.7907326746
3.0980980981 0.5308491675 0.7845826028
3.1031031031 0.5548371194 0.7783434641
3.1081081081 0.5785244704 0.7720152585
3.1131131131 0.6019112205 0.7655979859
3.1181181181 0.6249973697 0.7590916464
3.1231231231 0.6477829181 0.7524962400
3.1281281281 0.6702678655 0.7458117666
3.1331331331 0.6924522120 0.7390382263
3.1381381381 0.7143359576 0.7321756191
3.1431431431 0.7359191023 0.7252239449
3.1481481481 0.7572016461 0.7181832038
3.1531531532 0.7781835890 0.7110533957
3.1581581582 0.7988649310 0.7038345208
3.1631631632 0.8192456721 0.6965265789
3.1681681682 0.8393258123 0.6891295700
3.1731731732 0.8591053516 0.6816434942
3.1781781782 0.8785842900 0.6740683515
3.1831831832 0.8977626275 0.6664041419
3.1881881882 0.9166403641 0.6586508653
3.1931931932 0.9352174998 0.6508085218
3.1981981982 0.9534940346 0.6428771113
3.2032032032 0.9714699685 0.6348566340
3.2082082082 0.9891453015 0.6267470897
3.2132132132 1.0065200335 0.6185484784
3.2182182182 1.0235941647 0.6102608002
3.2232232232 1.0403676950 0.6018840551
3.2282282282 1.0568406244 0.5934182431
3.2332332332 1.0730129529 0.5848633641
3.2382382382 1.0888846805 0.5762194182
3.2432432432 1.1044558072 0.5674864053
3.2482482482 1.1197263329 0.5586643255
3.2532532533 1.1346962578 0.5497531788
3.2582582583 1.1493655818 0.5407529652
3.2632632633 1.1637343049 0.5316636846
3.2682682683 1.1778024271 0.5224853371
3.2732732733 1.1915699483 0.5132179226
3.2782782783 1.2050368687 0.5038614412
3.2832832833 1.2182031882 0.4944158929
3.2882882883 1.2310689067 0.4848812777
3.2932932933 1.2436340244 0.4752575955
3.2982982983 1.2558985412 0.4655448464
3.3033033033 1.2678624571 0.4557430303
3.3083083083 1.2795257720 0.4458521473
3.3133133133 1.2908884861 0.4358721974
3.3183183183 1.3019505992 0.4258031806
3.3233233233 1.3127121115 0.4156450968
3.3283283283 1.3231730229 0.4053979460
3.3333333333 1.3333333333 0.3950617284
3.3383383383 1.3431930429 0.3846364438
3.3433433433 1.3527521516 0.3741220923
3.3483483483 1.3620106593 0.3635186738
3.3533533534 1.3709685662 0.3528261884
3.3583583584 1.3796258721 0.3420446361
3.3633633634 1.3879825772 0.3311740169
3.3683683684 1.3960386813 0.3202143307
3.3733733734 1.4037941846 0.3091655775
3.3783783784 1.4112490869 0.2980277575
3.3833833834 1.4184033884 0.2868008705
3.3883883884 1.4252570889 0.2754849166
3.3933933934 1.4318101886 0.2640798957
3.3983983984 1.4380626873 0.2525858079
3.4034034034 1.4440145852 0.2410026532
3.4084084084 1.4496658821 0.2293304315
3.4134134134 1.4550165781 0.2175691429
3.4184184184 1.4600666733 0.2057187874
3.4234234234 1.4648161675 0.1937793650
3.4284284284 1.4692650609 0.1817508756
3.4334334334 1.4734133533 0.1696333192
3.4384384384 1.4772610448 0.1574266960
3.4434434434 1.4808081355 0.1451310058
3.4484484484 1.4840546252 0.1327462486
3.4534534535 1.4870005140 0.1202724246
3.4584584585 1.4896458020 0.1077095336
3.4634634635 1.4919904890 0.0950575756
3.4684684685 1.4940345751 0.0823165508
3.4734734735 1.4957780603 0.0694864590
3.4784784785 1.4972209447 0.0565673003
3.4834834835 1.4983632281 0.0435590746
3.4884884885 1.4992049106 0.0304617820
3.4934934935 1.4997459922 0.0172754225
3.4984984985 1.4999864730 0.0039999960
3.5035035035 1.4999263528 0.0000000000
3.5085085085 1.4995656317 0.0000000000
3.5135135135 1.4989043097 0.0000000000
3.5185185185 1.4979423868 0.0000000000
3.5235235235 1.4966798630 0.0000000000
3.5285285285 1.4951167384 0.0000000000
3.5335335335 1.4932530128 0.0000000000
3.5385385385 1.4910886863 0.0000000000
3.5435435435 1.4886237589 0.0000000000
3.5485485485 1.4858582306 0.0000000000
3.5535535536 1.4827921014 0.0000000000
3.5585585586 1.4794253713 0.0000000000
3.5635635636 1.4757580403 0.0000000000
3.5685685686 1.4717901084 0.0000000000
3.5735735736 1.4675215756 0.0000000000
3.5785785786 1.4629524419 0.0000000000
3.5835835836 1.4580827073 0.0000000000
3.5885885886 1.4529123718 0.0000000000
3.5935935936 1.4474414354 0.0000000000
3.5985985986 1.4416698981 0.0000000000
3.6036036036 1.4355977599 0.0000000000
3.6086086086 1.4292250208 0.0000000000
3.6136136136 1.4225516808 0.0000000000
3.6186186186 1.4155777399 0.0000000000
3.6236236236 1.4083031981 0.0000000000
3.6286286286 1.4007280554 0.0000000000
3.6336336336 1.3928523118 0.0000000000
3.6386386386 1.3846759673 0.0000000000
3.6436436436 1.3761990218 0.0000000000
3.6486486486 1.3674214755 0.0000000000
3.6536536537 1.3583433283 0.0000000000
3.6586586587 1.3489645802 0.0000000000
3.6636636637 1.3392852312 0.0000000000
3.6686686687 1.3293052813 0.0000000000
3.6736736737 1.3190247304 0.0000000000
3.6786786787 1.3084435787 0.0000000000
3.6836836837 1.2975618261 0.0000000000
3.6886886887 1.2863794726 0.0000000000
3.6936936937 1.2748965181 0.0000000000
3.6986986987 1.2631129628 0.0000000000
3.7037037037 1.2510288066 0.0000000000
3.7087087087 1.2386440495 0.0000000000
3.7137137137 1.2259586914 0.0000000000
3.7187187187 1.2129727325 0.0000000000
3.7237237237 1.1996861727 0.0000000000
3.7287287287 1.1860990119 0.0000000000
3.7337337337 1.1722112503 0.0000000000
3.7387387387 1.1580228878 0.0000000000
3.7437437437 1.1435339243 0.0000000000
3.7487487487 1.1287443600 0.0000000000
3.7537537538 1.1136541947 0.0000000000
3.7587587588 1.0982634286 0.0000000000
3.7637637638 1.0825720616 0.0000000000
3.7687687688 1.0665800936 0.0000000000
3.7737737738 1.0502875248 0.0000000000
3.7787787788 1.0336943550 0.0000000000
3.7837837838 1.0168005844 0.0000000000
3.7887887888 0.9996062128 0.0000000000
3.7937937938 0.9821112404 0.0000000000
3.7987987988 0.9643156670 0.0000000000
3.8038038038 0.9462194928 0.0000000000
3.8088088088 0.9278227176 0.0000000000
3.8138138138 0.9091253416 0.0000000000
3.8188188188 0.8901273646 0.0000000000
3.8238238238 0.8708287867 0.0000000000
3.8288288288 0.8512296080 0.0000000000
3.8338338338 0.8313298283 0.0000000000
3.8388388388 0.8111294478 0.0000000000
3.8438438438 0.7906284663 0.0000000000
3.8488488488 0.7698268839 0.0000000000
3.8538538539 0.7487247007 0.0000000000
3.8588588589 0.7273219165 0.0000000000
3.8638638639 0.7056185314 0.0000000000
3.8688688689 0.6836145455 0.0000000000
3.8738738739 0.6613099586 0.0000000000
3.8788788789 0.6387047708 0.0000000000
3.8838838839 0.6157989822 0.0000000000
3.8888888889 0.5925925926 0.0000000000
3.8938938939 0.5690856021 0.0000000000
3.8988988989 0.5452780107 0.0000000000
3.9039039039 0.5211698185 0.0000000000
3.9089089089 0.4967610253 0.0000000000
3.9139139139 0.4720516312 0.0000000000
3.9189189189 0.4470416362 0.0000000000
3.9239239239 0.4217310403 0.0000000000
3.9289289289 0.3961198436 0.0000000000
3.9339339339 0.3702080459 0.0000000000
3.9389389389 0.3439956473 0.0000000000
3.9439439439 0.3174826478 0.0000000000
3.9489489489 0.2906690474 0.0000000000
3.9539539540 0.2635548461 0.0000000000
3.9589589590 0.2361400439 0.0000000000
3.9639639640 0.2084246409 0.0000000000
3.9689689690 0.1804086369 0.0000000000
3.9739739740 0.1520920320 0.0000000000
3.9789789790 0.1234748262 0.0000000000
3.9839839840 0.0945570195 0.0000000000
3.9889889890 0.0653386119 0.0000000000
3.9939939940 0.0358196034 0.0000000000
3.9989989990 0.0059999940 0.0000000000
4.0040040040 0.0000000000 0.0000000000
4.0090090090 0.0000000000 0.0000000000
4.0140140140 0.0000000000 0.0000000000
4.0190190190 0.0000000000 0.0000000000
4.0240240240 0.0000000000 0.0000000000
4.0290290290 0.0000000000 0.0000000000
4.0340340340 0.0000000000 0.0000000000
4.0390390390 0.0000000000 0.0000000000
4.0440440440 0.0000000000 0.0000000000
4.0490490490 0.0000000000 0.0000000000
4.0540540541 0.0000000000 0.0000000000
4.0590590591 0.0000000000 0.0000000000
4.0640640641 0.0000000000 0.0000000000
4.0690690691 0.0000000000 0.0000000000
4.0740740741 0.0000000000 0.0000000000
4.0790790791 0.0000000000 0.0000000000
4.0840840841 0.0000000000 0.0000000000
4.0890890891 0.0000000000 0.0000000000
4.0940940941 0.0000000000 0.0000000000
4.0990990991 0.0000000000 0.0000000000
4.1041041041 0.0000000000 0.0000000000
4.1091091091 0.0000000000 0.0000000000
4.1141141141 0.0000000000 0.0000000000
4.1191191191 0.0000000000 0.0000000000
4.1241241241 0.0000000000 0.0000000000
4.1291291291 0.0000000000 0.0000000000
4.1341341341 0.0000000000 0.0000000000
4.1391391391 0.0000000000 0.0000000000
4.1441441441 0.0000000000 0.0000000000
4.1491491491 0.0000000000 0.0000000000
4.1541541542 0.0000000000 0.0000000000
4.1591591592 0.0000000000 0.0000000000
4.1641641642 0.0000000000 0.0000000000
4.1691691692 0.0000000000 0.0000000000
4.1741741742 0.0000000000 0.0000000000
4.1791791792 0.0000000000 0.0000000000
4.1841841842 0.0000000000 0.0000000000
4.1891891892 0.0000000000 0.0000000000
4.1941941942 0.0000000000 0.0000000000
4.1991991992 0.0000000000 0.0000000000
4.2042042042 0.0000000000 0.0000000000
4.2092092092 0.0000000000 0.0000000000
4.2142142142 0.0000000000 0.0000000000
4.2192192192 0.0000000000 0.0000000000
4.2242242242 0.0000000000 0.0000000000
4.2292292292 0.0000000000 0.0000000000
4.2342342342 0.0000000000 0.0000000000
4.2392392392 0.0000000000 0.0000000000
4.2442442442 0.0000000000 0.0000000000
4.2492492492 0.0000000000 0.0000000000
4.2542542543 0.0000000000 0.0000000000
4.2592592593 0.0000000000 0.0000000000
4.2642642643 0.0000000000 0.0000000000
4.2692692693 0.0000000000 0.0000000000
4.2742742743 0.0000000000 0.0000000000
4.2792792793 0.0000000000 0.0000000000
4.2842842843 0.0000000000 0.0000000000
4.2892892893 0.0000000000 0.0000000000
4.2942942943 0.0000000000 0.0000000000
4.2992992993 0.0000000000 0.0000000000
4.3043043043 0.0000000000 0.0000000000
4.3093093093 0.0000000000 0.0000000000
4.3143143143 0.0000000000 0.0000000000
4.3193193193 0.0000000000 0.0000000000
4.3243243243 0.0000000000 0.0000000000
4.3293293293 0.0000000000 0.0000000000
4.3343343343 0.0000000000 0.0000000000
4.3393393393 0.0000000000 0.0000000000
4.3443443443 0.0000000000 0.0000000000
4.3493493493 0.0000000000 0.0000000000
4.3543543544 0.0000000000 0.0000000000
4.3593593594 0.0000000000 0.0000000000
4.3643643644 0.0000000000 0.0000000000
4.3693693694 0.0000000000 0.0000000000
4.3743743744 0.0000000000 0.0000000000
4.3793793794 0.0000000000 0.0000000000
4.3843843844 0.0000000000 0.0000000000
4.3893893894 0.0000000000 0.0000000000
4.3943943944 0.0000000000 0.0000000000
4.3993993994 0.0000000000 0.0000000000
4.4044044044 0.0000000000 0.0000000000
4.4094094094 0.0000000000 0.0000000000
4.4144144144 0.0000000000 0.0000000000
4.4194194194 0.0000000000 0.0000000000
4.4244244244 0.0000000000 0.0000000000
4.4294294294 0.0000000000 0.0000000000
4.4344344344 0.0000000000 0.0000000000
4.4394394394 0.0000000000 0.0000000000
4.4444444444 0.0000000000 0.0000000000
4.4494494494 0.0000000000 0.0000000000
4.4544544545 0.0000000000 0.0000000000
4.4594594595 0.0000000000 0.0000000000
4.4644644645 0.0000000000 0.0000000000
4.4694694695 0.0000000000 0.0000000000
4.4744744745 0.0000000000 0.0000000000
4.4794794795 0.0000000000 0.0000000000
4.4844844845 0.0000000000 0.0000000000
4.4894894895 0.0000000000 0.0000000000
4.4944944945 0.0000000000 0.0000000000
4.4994994995 0.0000000000 0.0000000000
4.5045045045 0.0000000000 0.0000000000
4.5095095095 0.0000000000 0.0000000000
4.5145145145 0.0000000000 0.0000000000
4.5195195195 0.0000000000 0.0000000000
4.5245245245 0.0000000000 0.0000000000
4.5295295295 0.0000000000 0.0000000000
4.5345345345 0.0000000000 0.0000000000
4.5395395395 0.0000000000 0.0000000000
4.5445445445 0.0000000000 0.0000000000
4.5495495495 0.0000000000 0.0000000000
4.5545545546 0.0000000000 0.0000000000
4.5595595596 0.0000000000 0.0000000000
4.5645645646 0.0000000000 0.0000000000
4.5695695696 0.0000000000 0.0000000000
4.5745745746 0.0000000000 0.0000000000
4.5795795796 0.0000000000 0.0000000000
4.5845845846 0.0000000000 0.0000000000
4.5895895896 0.0000000000 0.0000000000
4.5945945946 0.0000000000 0.0000000000
4.5995995996 0.0000000000 0.0000000000
4.6046046046 0.0000000000 0.0000000000
4.6096096096 0.0000000000 0.0000000000
4.6146146146 0.0000000000 0.0000000000
4.6196196196 0.0000000000 0.0000000000
4.6246246246 0.0000000000 0.0000000000
4.6296296296 0.0000000000 0.0000000000
4.6346346346 0.0000000000 0.0000000000
4.6396396396 0.0000000000 0.0000000000
4.6446446446 0.0000000000 0.0000000000
4.6496496496 0.0000000000 0.0000000000
4.6546546547 0.0000000000 0.0000000000
4.6596596597 0.0000000000 0.0000000000
4.6646646647 0.0000000000 0.0000000000
4.6696696697 0.0000000000 0.0000000000
4.6746746747 0.0000000000 0.0000000000
4.6796796797 0.0000000000 0.0000000000
4.6846846847 0.0000000000 0.0000000000
4.6896896897 0.0000000000 0.0000000000
4.6946946947 0.0000000000 0.0000000000
4.6996996997 0.0000000000 0.0000000000
4.7047047047 0.0000000000 0.0000000000
4.7097097097 0.0000000000 0.0000000000
4.7147147147 0.0000000000 0.0000000000
4.7197197197 0.0000000000 0.0000000000
4.7247247247 0.0000000000 0.0000000000
4.7297297297 0.0000000000 0.0000000000
4.7347347347 0.0000000000 0.0000000000
4.7397397397 0.0000000000 0.0000000000
4.7447447447 0.0000000000 0.0000000000
4.7497497497 0.0000000000 0.0000000000
4.7547547548 0.0000000000 0.0000000000
4.7597597598 0.0000000000 0.0000000000
4.7647647648 0.0000000000 0.0000000000
4.7697697698 0.0000000000 0.0000000000
4.7747747748 0.0000000000 0.0000000000
4.7797797798 0.0000000000 0.0000000000
4.7847847848 0.0000000000 0.0000000000
4.7897897898 0.0000000000 0.0000000000
4.7947947948 0.0000000000 0.0000000000
4.7997997998 0.0000000000 0.0000000000
4.8048048048 0.0000000000 0.0000000000
4.8098098098 0.0000000000 0.0000000000
4.8148148148 0.0000000000 0.0000000000
4.8198198198 0.0000000000 0.0000000000
4.8248248248 0.0000000000 0.0000000000
4.8298298298 0.0000000000 0.0000000000
4.8348348348 0.0000000000 0.0000000000
4.8398398398 0.0000000000 0.0000000000
4.8448448448 0.0000000000 0.0000000000
4.8498498498 0.0000000000 0.0000000000
4.8548548549 0.0000000000 0.0000000000
4.8598598599 0.0000000000 0.0000000000
4.8648648649 0.0000000000 0.0000000000
4.8698698699 0.0000000000 0.0000000000
4.8748748749 0.0000000000 0.0000000000
4.8798798799 0.0000000000 0.0000000000
4.8848848849 0.0000000000 0.0000000000
4.8898898899 0.0000000000 0.0000000000
4.8948948949 0.0000000000 0.0000000000
4.8998998999 0.0000000000 0.0000000000
4.9049049049 0.0000000000 0.0000000000
4.9099099099 0.0000000000 0.0000000000
4.9149149149 0.0000000000 0.0000000000
4.9199199199 0.0000000000 0.0000000000
4.9249249249 0.0000000000 0.0000000000
4.9299299299 0.0000000000 0.0000000000
4.9349349349 0.0000000000 0.0000000000
4.9399399399 0.0000000000 0.0000000000
4.9449449449 0.0000000000 0.0000000000
4.9499499499 0.0000000000 0.0000000000
4.9549549550 0.0000000000 0.0000000000
4.9599599600 0.0000000000 0.0000000000
4.9649649650 0.0000000000 0.0000000000
4.9699699700 0.0000000000 0.0000000000
4.9749749750 0.0000000000 0.0000000000
4.9799799800 0.0000000000 0.0000000000
4.9849849850 0.0000000000 0.0000000000
4.9899899900 0.0000000000 0.0000000000
4.9949949950 0.0000000000 0.0000000000
5.0000000000 0.0000000000 0.0000000000
