s PU_case1 PA_case1 PU_case2 PA_case2 PU_case3 PA_case3
0.0000000000 0.0000000000 0.0000000000 0.0000000000 0.0000000000 0.0000000000 0.0000000000
0.0010010010 0.0000000000 0.0000000000 0.0000000000 0.0000000000 0.0000000000 0.0000000000
0.0020020020 0.0000000000 0.0000000000 0.0000000000 0.0000000000 0.0000000000 0.0000000000
0.0030030030 0.0000000000 0.0000000000 0.0000000000 0.0000000000 0.0000000000 0.0000000000
0.0040040040 0.0000000000 0.0000000000 0.0000000000 0.0000000000 0.0000000000 0.0000000000
0.0050050050 0.0000000000 0.0000000000 0.0000000000 0.0000000000 0.0000000000 0.0000000000
0.0060060060 0.0000000000 0.0000000000 0.0000000000 0.0000000000 0.0000000000 0.0000000000
0.0070070070 0.0000000000 0.0000000000 0.0000000000 0.0000000000 0.0000000000 0.0000000000
0.0080080080 0.0000000000 0.0000000000 0.0000000000 0.0000000000 0.0000000000 0.0000000000
0.0090090090 0.0000000000 0.0000000000 0.0000000000 0.0000000000 0.0000000000 0.0000000000
0.0100100100 0.0000000000 0.0000000000 0.0000000000 0.0000000000 0.0000000000 0.0000000000
0.0110110110 0.0000000000 0.0000000000 0.0000000000 0.0000000000 0.0000000000 0.0000000000
0.0120120120 0.0000000000 0.0000000000 0.0000000000 0.0000000000 0.0000000000 0.0000000000
0.0130130130 0.0000000000 0.0000000000 0.0000000000 0.0000000000 0.0000000000 0.0000000000
0.0140140140 0.0000000000 0.0000000000 0.0000000000 0.0000000000 0.0000000000 0.0000000000
0.0150150150 0.0000000000 0.0000000000 0.0000000000 0.0000000000 0.0000000000 0.0000000000
0.0160160160 0.0000000000 0.0000000000 0.0000000000 0.0000000000 0.0000000000 0.0000000000
0.0170170170 0.0000000000 0.0000000000 0.0000000000 0.0000000000 0.0000000000 0.0000000000
0.0180180180 0.0000000000 0.0000000000 0.0000000000 0.0000000000 0.0000000000 0.0000000000
0.0190190190 0.0000000000 0.0000000000 0.0000000000 0.0000000000 0.0000000000 0.0000000000
0.0200200200 0.0000000000 0.0000000000 0.0000000000 0.0000000000 0.0000000000 0.0000000000
0.0210210210 0.0000000000 0.0000000000 0.0000000000 0.0000000000 0.0000000000 0.0000000000
0.0220220220 0.0000000000 0.0000000000 0.0000000000 0.0000000000 0.0000000000 0.0000000000
0.0230230230 0.0000000000 0.0000000000 0.0000000000 0.0000000000 0.0000000000 0.0000000000
0.0240240240 0.0000000000 0.0000000000 0.0000000000 0.0000000000 0.0000000000 0.0000000000
0.0250250250 0.0000000000 0.0000000000 0.0000000000 0.0000000000 0.0000000000 0.0000000000
0.0260260260 0.0000000000 0.0000000000 0.0000000000 0.0000000000 0.0000000000 0.0000000000
0.0270270270 0.0000000000 0.0000000000 0.0000000000 0.0000000000 0.0000000000 0.0000000000
0.0280280280 0.0000000000 0.0000000000 0.0000000000 0.0000000000 0.0000000000 0.0000000000
0.0290290290 0.0000000000 0.0000000000 0.0000000000 0.0000000000 0.0000000000 0.0000000000
0.0300300300 0.0000000000 0.0000000000 0.0000000000 0.0000000000 0.0000000000 0.0000000000
0.0310310310 0.0000000000 0.0000000000 0.0000000000 0.0000000000 0.0000000000 0.0000000000
0.0320320320 0.0000000000 0.0000000000 0.0000000000 0.0000000000 0.0000000000 0.0000000000
0.0330330330 0.0000000000 0.0000000000 0.0000000000 0.0000000000 0.0000000000 0.0000000000
0.0340340340 0.0000000000 0.0000000000 0.0000000000 0.0000000000 0.0000000000 0.0000000000
0.0350350350 0.0000000000 0.0000000000 0.0000000000 0.0000000000 0.0000000000 0.0000000000
0.0360360360 0.0000000000 0.0000000000 0.0000000000 0.0000000000 0.0000000000 0.0000000000
0.0370370370 0.0000000000 0.0000000000 0.0000000000 0.0000000000 0.0000000000 0.0000000000
0.0380380380 0.0000000000 0.0000000000 0.0000000000 0.0000000000 0.0000000000 0.0000000000
0.0390390390 0.0000000000 0.0000000000 0.0000000000 0.0000000000 0.0000000000 0.0000000000
0.0400400400 0.0000000000 0.0000000000 0.0000000000 0.0000000000 0.0000000000 0.0000000000
0.0410410410 0.0000000000 0.0000000000 0.0000000000 0.0000000000 0.0000000000 0.0000000000
0.0420420420 0.0000000000 0.0000000000 0.0000000000 0.0000000000 0.0000000000 0.0000000000
0.0430430430 0.0000000000 0.0000000000 0.0000000000 0.0000000000 0.0000000000 0.0000000000
0.0440440440 0.0000000000 0.0000000000 0.0000000000 0.0000000000 0.0000000000 0.0000000000
0.0450450450 0.0000000000 0.0000000000 0.0000000000 0.0000000000 0.0000000000 0.0000000000
0.0460460460 0.0000000000 0.0000000000 0.0000000000 0.0000000000 0.0000000000 0.0000000000
0.0470470470 0.0000000000 0.0000000000 0.0000000000 0.0000000000 0.0000000000 0.0000000000
0.0480480480 0.0000000000 0.0000000000 0.0000000000 0.0000000000 0.0000000000 0.0000000000
0.0490490490 0.0000000000 0.0000000000 0.0000000000 0.0000000000 0.0000000000 0.0000000000
0.0500500501 0.0000000000 0.0000000000 0.0000000000 0.0000000000 0.0000000000 0.0000000000
0.0510510511 0.0000000000 0.0000000000 0.0000000000 0.0000000000 0.0000000000 0.0000000000
0.0520520521 0.0000000000 0.0000000000 0.0000000000 0.0000000000 0.0000000000 0.0000000000
0.0530530531 0.0000000000 0.0000000000 0.0000000000 0.0000000000 0.0000000000 0.0000000000
0.0540540541 0.0000000000 0.0000000000 0.0000000000 0.0000000000 0.0000000000 0.0000000000
0.0550550551 0.0000000000 0.0000000000 0.0000000000 0.0000000000 0.0000000000 0.0000000000
0.0560560561 0.0000000000 0.0000000000 0.0000000000 0.0000000000 0.0000000000 0.0000000000
0.0570570571 0.0000000000 0.0000000000 0.0000000000 0.0000000000 0.0000000000 0.0000000000
0.0580580581 0.0000000000 0.0000000000 0.0000000000 0.0000000000 0.0000000000 0.0000000000
0.0590590591 0.0000000000 0.0000000000 0.0000000000 0.0000000000 0.0000000000 0.0000000000
0.0600600601 0.0000000000 0.0000000000 0.0000000000 0.0000000000 0.0000000000 0.0000000000
0.0610610611 0.0000000000 0.0000000000 0.0000000000 0.0000000000 0.0000000000 0.0000000000
0.0620620621 0.0000000000 0.0000000000 0.0000000000 0.0000000000 0.0000000000 0.0000000000
0.0630630631 0.0000000000 0.0000000000 0.0000000000 0.0000000000 0.0000000000 0.0000000000
0.0640640641 0.0000000000 0.0000000000 0.0000000000 0.0000000000 0.0000000000 0.0000000000
0.0650650651 0.0000000000 0.0000000000 0.0000000000 0.0000000000 0.0000000000 0.0000000000
0.0660660661 0.0000000000 0.0000000000 0.0000000000 0.0000000000 0.0000000000 0.0000000000
0.0670670671 0.0000000000 0.0000000000 0.0000000000 0.0000000000 0.0000000000 0.0000000000
0.0680680681 0.0000000000 0.0000000000 0.0000000000 0.0000000000 0.0000000000 0.0000000000
0.0690690691 0.0000000000 0.0000000000 0.0000000000 0.0000000000 0.0000000000 0.0000000000
0.0700700701 0.0000000000 0.0000000000 0.0000000000 0.0000000000 0.0000000000 0.0000000000
0.0710710711 0.0000000000 0.0000000000 0.0000000000 0.0000000000 0.0000000000 0.0000000000
0.0720720721 0.0000000000 0.0000000000 0.0000000000 0.0000000000 0.0000000000 0.0000000000
0.0730730731 0.0000000000 0.0000000000 0.0000000000 0.0000000000 0.0000000000 0.0000000000
0.0740740741 0.0000000000 0.0000000000 0.0000000000 0.0000000000 0.0000000000 0.0000000000
0.0750750751 0.0000000000 0.0000000000 0.0000000000 0.0000000000 0.0000000000 0.0000000000
0.0760760761 0.0000000000 0.0000000000 0.0000000000 0.0000000000 0.0000000000 0.0000000000
0.0770770771 0.0000000000 0.0000000000 0.0000000000 0.0000000000 0.0000000000 0.0000000000
0.0780780781 0.0000000000 0.0000000000 0.0000000000 0.0000000000 0.0000000000 0.0000000000
0.0790790791 0.0000000000 0.0000000000 0.0000000000 0.0000000000 0.0000000000 0.0000000000
0.0800800801 0.0000000000 0.0000000000 0.0000000000 0.0000000000 0.0000000000 0.0000000000
0.0810810811 0.0000000000 0.0000000000 0.0000000000 0.0000000000 0.0000000000 0.0000000000
0.0820820821 0.0000000000 0.0000000000 0.0000000000 0.0000000000 0.0000000000 0.0000000000
0.0830830831 0.0000000000 0.0000000000 0.0000000000 0.0000000000 0.0000000000 0.0000000000
0.0840840841 0.0000000000 0.0000000000 0.0000000000 0.0000000000 0.0000000000 0.0000000000
0.0850850851 0.0000000000 0.0000000000 0.0000000000 0.0000000000 0.0000000000 0.0000000000
0.0860860861 0.0000000000 0.0000000000 0.0000000000 0.0000000000 0.0000000000 0.0000000000
0.0870870871 0.0000000000 0.0000000000 0.0000000000 0.0000000000 0.0000000000 0.0000000000
0.0880880881 0.0000000000 0.0000000000 0.0000000000 0.0000000000 0.0000000000 0.0000000000
0.0890890891 0.0000000000 0.0000000000 0.0000000000 0.0000000000 0.0000000000 0.0000000000
0.0900900901 0.0000000000 0.0000000000 0.0000000000 0.0000000000 0.0000000000 0.0000000000
0.0910910911 0.0000000000 0.0000000000 0.0000000000 0.0000000000 0.0000000000 0.0000000000
0.0920920921 0.0000000000 0.0000000000 0.0000000000 0.0000000000 0.0000000000 0.0000000000
0.0930930931 0.0000000000 0.0000000000 0.0000000000 0.0000000000 0.0000000000 0.0000000000
0.0940940941 0.0000000000 0.0000000000 0.0000000000 0.0000000000 0.0000000000 0.0000000000
0.0950950951 0.0000000000 0.0000000000 0.0000000000 0.0000000000 0.0000000000 0.0000000000
0.0960960961 0.0000000000 0.0000000000 0.0000000000 0.0000000000 0.0000000000 0.0000000000
0.0970970971 0.0000000000 0.0000000000 0.0000000000 0.0000000000 0.0000000000 0.0000000000
0.0980980981 0.0000000000 0.0000000000 0.0000000000 0.0000000000 0.0000000000 0.0000000000
0.0990990991 0.0000000000 0.0000000000 0.0000000000 0.0000000000 0.0000000000 0.0000000000
0.1001001001 0.0000000000 0.0000000000 0.0000000000 0.0000000000 0.0000000000 0.0000000000
0.1011011011 0.0000000000 0.0000000000 0.0000000000 0.0000000000 0.0000000000 0.0000000000
0.1021021021 0.0000000000 0.0000000000 0.0000000000 0.0000000000 0.0000000000 0.0000000000
0.1031031031 0.0000000000 0.0000000000 0.0000000000 0.0000000000 0.0000000000 0.0000000000
0.1041041041 0.0000000000 0.0000000000 0.0000000000 0.0000000000 0.0000000000 0.0000000000
0.1051051051 0.0000000000 0.0000000000 0.0000000000 0.0000000000 0.0000000000 0.0000000000
0.1061061061 0.0000000000 0.0000000000 0.0000000000 0.0000000000 0.0000000000 0.0000000000
0.1071071071 0.0000000000 0.0000000000 0.0000000000 0.0000000000 0.0000000000 0.0000000000
0.1081081081 0.0000000000 0.0000000000 0.0000000000 0.0000000000 0.0000000000 0.0000000000
0.1091091091 0.0000000000 0.0000000000 0.0000000000 0.0000000000 0.0000000000 0.0000000000
0.1101101101 0.0000000000 0.0000000000 0.0000000000 0.0000000000 0.0000000000 0.0000000000
0.1111111111 0.0000000000 0.0000000000 0.0000000000 0.0000000000 0.0000000000 0.0000000000
0.1121121121 0.0000000000 0.0000000000 0.0000000000 0.0000000000 0.0000000000 0.0000000000
0.1131131131 0.0000000000 0.0000000000 0.0000000000 0.0000000000 0.0000000000 0.0000000000
0.1141141141 0.0000000000 0.0000000000 0.0000000000 0.0000000000 0.0000000000 0.0000000000
0.1151151151 0.0000000000 0.0000000000 0.0000000000 0.0000000000 0.0000000000 0.0000000000
0.1161161161 0.0000000000 0.0000000000 0.0000000000 0.0000000000 0.0000000000 0.0000000000
0.1171171171 0.0000000000 0.0000000000 0.0000000000 0.0000000000 0.0000000000 0.0000000000
0.1181181181 0.0000000000 0.0000000000 0.0000000000 0.0000000000 0.0000000000 0.0000000000
0.1191191191 0.0000000000 0.0000000000 0.0000000000 0.0000000000 0.0000000000 0.0000000000
0.1201201201 0.0000000000 0.0000000000 0.0000000000 0.0000000000 0.0000000000 0.0000000000
0.1211211211 0.0000000000 0.0000000000 0.0000000000 0.0000000000 0.0000000000 0.0000000000
0.1221221221 0.0000000000 0.0000000000 0.0000000000 0.0000000000 0.0000000000 0.0000000000
0.1231231231 0.0000000000 0.0000000000 0.0000000000 0.0000000000 0.0000000000 0.0000000000
0.1241241241 0.0000000000 0.0000000000 0.0000000000 0.0000000000 0.0000000000 0.0000000000
0.1251251251 0.0000000000 0.0000000000 0.0000000000 0.0000000000 0.0000000000 0.0000000000
0.1261261261 0.0000000000 0.0000000000 0.0000000000 0.0000000000 0.0000000000 0.0000000000
0.1271271271 0.0000000000 0.0000000000 0.0000000000 0.0000000000 0.0000000000 0.0000000000
0.1281281281 0.0000000000 0.0000000000 0.0000000000 0.0000000000 0.0000000000 0.0000000000
0.1291291291 0.0000000000 0.0000000000 0.0000000000 0.0000000000 0.0000000000 0.0000000000
0.1301301301 0.0000000000 0.0000000000 0.0000000000 0.0000000000 0.0000000000 0.0000000000
0.1311311311 0.0000000000 0.0000000000 0.0000000000 0.0000000000 0.0000000000 0.0000000000
0.1321321321 0.0000000000 0.0000000000 0.0000000000 0.0000000000 0.0000000000 0.0000000000
0.1331331331 0.0000000000 0.0000000000 0.0000000000 0.0000000000 0.0000000000 0.0000000000
0.1341341341 0.0000000000 0.0000000000 0.0000000000 0.0000000000 0.0000000000 0.0000000000
0.1351351351 0.0000000000 0.0000000000 0.0000000000 0.0000000000 0.0000000000 0.0000000000
0.1361361361 0.0000000000 0.0000000000 0.0000000000 0.0000000000 0.0000000000 0.0000000000
0.1371371371 0.0000000000 0.0000000000 0.0000000000 0.0000000000 0.0000000000 0.0000000000
0.1381381381 0.0000000000 0.0000000000 0.0000000000 0.0000000000 0.0000000000 0.0000000000
0.1391391391 0.0000000000 0.0000000000 0.0000000000 0.0000000000 0.0000000000 0.0000000000
0.1401401401 0.0000000000 0.0000000000 0.0000000000 0.0000000000 0.0000000000 0.0000000000
0.1411411411 0.0000000000 0.0000000000 0.0000000000 0.0000000000 0.0000000000 0.0000000000
0.1421421421 0.0000000000 0.0000000000 0.0000000000 0.0000000000 0.0000000000 0.0000000000
0.1431431431 0.0000000000 0.0000000000 0.0000000000 0.0000000000 0.0000000000 0.0000000000
0.1441441441 0.0000000000 0.0000000000 0.0000000000 0.0000000000 0.0000000000 0.0000000000
0.1451451451 0.0000000000 0.0000000000 0.0000000000 0.0000000000 0.0000000000 0.0000000000
0.1461461461 0.0000000000 0.0000000000 0.0000000000 0.0000000000 0.0000000000 0.0000000000
0.1471471471 0.0000000000 0.0000000000 0.0000000000 0.0000000000 0.0000000000 0.0000000000
0.1481481481 0.0000000000 0.0000000000 0.0000000000 0.0000000000 0.0000000000 0.0000000000
0.1491491491 0.0000000000 0.0000000000 0.0000000000 0.0000000000 0.0000000000 0.0000000000
0.1501501502 0.0000000000 0.0144057571 0.0000000000 0.0000000000 0.0000000000 0.0036025214
0.1511511512 0.0000000000 0.1100016533 0.0000000000 0.0000000000 0.0000000000 0.0275640205
0.1521521522 0.0000000000 0.2048280112 0.0000000000 0.0000000000 0.0000000000 0.0514293272
0.1531531532 0.0000000000 0.2988848308 0.0000000000 0.0000000000 0.0000000000 0.0751984417
0.1541541542 0.0000000000 0.3921721121 0.0000000000 0.0000000000 0.0000000000 0.0988713639
0.1551551552 0.0000000000 0.4846898550 0.0000000000 0.0000000000 0.0000000000 0.1224480937
0.1561561562 0.0000000000 0.5764380597 0.0000000000 0.0000000000 0.0000000000 0.1459286313
0.1571571572 0.0000000000 0.6674167260 0.0000000000 0.0000000000 0.0000000000 0.1693129766
0.1581581582 0.0000000000 0.7576258541 0.0000000000 0.0000000000 0.0000000000 0.1926011297
0.1591591592 0.0000000000 0.8470654438 0.0000000000 0.0000000000 0.0000000000 0.2157930904
0.1601601602 0.0000000000 0.9357354953 0.0000000000 0.0000000000 0.0000000000 0.2388888588
0.1611611612 0.0000000000 1.0236360084 0.0000000000 0.0000000000 0.0000000000 0.2618884350
0.1621621622 0.0000000000 1.1107669832 0.0000000000 0.0000000000 0.0000000000 0.2847918188
0.1631631632 0.0000000000 1.1971284197 0.0000000000 0.0000000000 0.0000000000 0.3075990104
0.1641641642 0.0000000000 1.2827203179 0.0000000000 0.0000000000 0.0000000000 0.3303100097
0.1651651652 0.0000000000 1.3675426778 0.0000000000 0.0000000000 0.0000000000 0.3529248167
0.1661661662 0.0000000000 1.4515954994 0.0000000000 0.0000000000 0.0000000000 0.3754434314
0.1671671672 0.0000000000 1.5348787827 0.0000000000 0.0000000000 0.0000000000 0.3978658538
0.1681681682 0.0000000000 1.6173925277 0.0000000000 0.0000000000 0.0000000000 0.4201920840
0.1691691692 0.0000000000 1.6991367343 0.0000000000 0.0000000000 0.0000000000 0.4424221218
0.1701701702 0.0000000000 1.7801114027 0.0000000000 0.0000000000 0.0000000000 0.4645559674
0.1711711712 0.0000000000 1.8603165327 0.0000000000 0.0000000000 0.0000000000 0.4865936206
0.1721721722 0.0000000000 1.9397521245 0.0000000000 0.0000000000 0.0000000000 0.5085350816
0.1731731732 0.0000000000 2.0184181779 0.0000000000 0.0000000000 0.0000000000 0.5303803503
0.1741741742 0.0000000000 2.0963146931 0.0000000000 0.0000000000 0.0000000000 0.5521294267
0.1751751752 0.0000000000 2.1734416699 0.0000000000 0.0000000000 0.0000000000 0.5737823108
0.1761761762 0.0000000000 2.2497991084 0.0000000000 0.0000000000 0.0000000000 0.5953390027
0.1771771772 0.0000000000 2.3253870086 0.0000000000 0.0000000000 0.0000000000 0.6167995022
0.1781781782 0.0000000000 2.4002053705 0.0000000000 0.0000000000 0.0000000000 0.6381638095
0.1791791792 0.0000000000 2.4742541941 0.0000000000 0.0000000000 0.0000000000 0.6594319244
0.1801801802 0.0000000000 2.5475334794 0.0000000000 0.0000000000 0.0000000000 0.6806038471
0.1811811812 0.0000000000 2.6200432264 0.0000000000 0.0000000000 0.0000000000 0.7016795775
0.1821821822 0.0000000000 2.6917834351 0.0000000000 0.0000000000 0.0000000000 0.7226591156
0.1831831832 0.0000000000 2.7627541055 0.0000000000 0.0000000000 0.0000000000 0.7435424614
0.1841841842 0.0000000000 2.8329552375 0.0000000000 0.0000000000 0.0000000000 0.7643296149
0.1851851852 0.0000000000 2.9023868313 0.0000000000 0.0000000000 0.0000000000 0.7850205761
0.1861861862 0.0000000000 2.9710488867 0.0000000000 0.0000000000 0.0000000000 0.8056153451
0.1871871872 0.0000000000 3.0389414039 0.0000000000 0.0000000000 0.0000000000 0.8261139217
0.1881881882 0.0000000000 3.1060643827 0.0000000000 0.0000000000 0.0000000000 0.8465163061
0.1891891892 0.0000000000 3.1724178232 0.0000000000 0.0000000000 0.0000000000 0.8668224982
0.1901901902 0.0000000000 3.2380017254 0.0000000000 0.0000000000 0.0000000000 0.8870324980
0.1911911912 0.0000000000 3.3028160894 0.0000000000 0.0000000000 0.0000000000 0.9071463055
0.1921921922 0.0000000000 3.3668609150 0.0000000000 0.0000000000 0.0000000000 0.9271639207
0.1931931932 0.0000000000 3.4301362023 0.0000000000 0.0000000000 0.0000000000 0.9470853436
0.1941941942 0.0000000000 3.4926419513 0.0000000000 0.0000000000 0.0000000000 0.9669105742
0.1951951952 0.0000000000 3.5543781619 0.0000000000 0.0000000000 0.0000000000 0.9866396126
0.1961961962 0.0000000000 3.6153448343 0.0000000000 0.0000000000 0.0000000000 1.0062724586
0.1971971972 0.0000000000 3.6755419684 0.0000000000 0.0000000000 0.0000000000 1.0258091124
0.1981981982 0.0000000000 3.7349695642 0.0000000000 0.0000000000 0.0000000000 1.0452495739
0.1991991992 0.0000000000 3.7936276216 0.0000000000 0.0000000000 0.0000000000 1.0645938431
0.2002002002 0.0000000000 3.8515161408 0.0028422041 0.0000000000 0.0000000000 1.0838419200
0.2012012012 0.0000000000 3.9086351216 0.0170269545 0.0000000000 0.0000000000 1.1029938046
0.2022022022 0.0000000000 3.9649845641 0.0311679214 0.0000000000 0.0000000000 1.1220494969
0.2032032032 0.0000000000 4.0205644684 0.0452651049 0.0000000000 0.0000000000 1.1410089970
0.2042042042 0.0000000000 4.0753748343 0.0593185049 0.0000000000 0.0000000000 1.1598723047
0.2052052052 0.0000000000 4.1294156619 0.0733281214 0.0000000000 0.0000000000 1.1786394202
0.2062062062 0.0000000000 4.1826869512 0.0872939544 0.0000000000 0.0000000000 1.1973103434
0.2072072072 0.0000000000 4.2351887022 0.1012160040 0.0000000000 0.0000000000 1.2158850743
0.2082082082 0.0000000000 4.2869209149 0.1150942701 0.0000000000 0.0000000000 1.2343636129
0.2092092092 0.0000000000 4.3378835893 0.1289287527 0.0000000000 0.0000000000 1.2527459592
0.2102102102 0.0000000000 4.3880767254 0.1427194519 0.0000000000 0.0000000000 1.2710321132
0.2112112112 0.0000000000 4.4375003231 0.1564663675 0.0000000000 0.0000000000 1.2892220749
0.2122122122 0.0000000000 4.4861543826 0.1701694997 0.0000000000 0.0000000000 1.3073158444
0.2132132132 0.0000000000 4.5340389038 0.1838288485 0.0000000000 0.0000000000 1.3253134215
0.2142142142 0.0000000000 4.5811538866 0.1974444137 0.0000000000 0.0000000000 1.3432148064
0.2152152152 0.0000000000 4.6274993312 0.2110161955 0.0000000000 0.0000000000 1.3610199990
0.2162162162 0.0000000000 4.6730752374 0.2245441938 0.0000000000 0.0000000000 1.3787289993
0.2172172172 0.0000000000 4.7178816053 0.2380284087 0.0000000000 0.0000000000 1.3963418073
0.2182182182 0.0000000000 4.7619184350 0.2514688401 0.0000000000 0.0000000000 1.4138584230
0.2192192192 0.0000000000 4.8051857263 0.2648654880 0.0000000000 0.0000000000 1.4312788464
0.2202202202 0.0000000000 4.8476834793 0.2782183524 0.0000000000 0.0000000000 1.4486030776
0.2212212212 0.0000000000 4.8894116940 0.2915274333 0.0000000000 0.0000000000 1.4658311164
0.2222222222 0.0000000000 4.9303703704 0.3047927308 0.0000000000 0.0000000000 1.4829629630
0.2232232232 0.0000000000 4.9705595085 0.3180142448 0.0000000000 0.0000000000 1.4999986172
0.2242242242 0.0000000000 5.0099791082 0.3311919754 0.0000000000 0.0000000000 1.5169380792
0.2252252252 0.0000000000 5.0486291697 0.3443259224 0.0000000000 0.0000000000 1.5337813489
0.2262262262 0.0000000000 5.0865096929 0.3574160860 0.0000000000 0.0000000000 1.5505284263
0.2272272272 0.0000000000 5.1236206777 0.3704624662 0.0000000000 0.0000000000 1.5671793114
0.2282282282 0.0000000000 5.1599621243 0.3834650628 0.0000000000 0.0000000000 1.5837340043
0.2292292292 0.0000000000 5.1955340325 0.3964238760 0.0000000000 0.0000000000 1.6001925048
0.2302302302 0.0000000000 5.2303364025 0.4093389057 0.0000000000 0.0000000000 1.6165548131
0.2312312312 0.0000000000 5.2643692341 0.4222101519 0.0000000000 0.0000000000 1.6328209290
0.2322322322 0.0000000000 5.2976325274 0.4350376147 0.0000000000 0.0000000000 1.6489908527
0.2332332332 0.0000000000 5.3301262824 0.4478212940 0.0000000000 0.0000000000 1.6650645841
0.2342342342 0.0000000000 5.3618504991 0.4605611898 0.0000000000 0.0000000000 1.6810421232
0.2352352352 0.0000000000 5.3928051775 0.4732573022 0.0000000000 0.0000000000 1.6969234700
0.2362362362 0.0000000000 5.4229903176 0.4859096310 0.0000000000 0.0000000000 1.7127086245
0.2372372372 0.0000000000 5.4524059194 0.4985181764 0.0000000000 0.0000000000 1.7283975868
0.2382382382 0.0000000000 5.4810519829 0.5110829384 0.0000000000 0.0000000000 1.7439903567
0.2392392392 0.0000000000 5.5089285081 0.5236039168 0.0000000000 0.0000000000 1.7594869344
0.2402402402 0.0000000000 5.5360354950 0.5360811118 0.0000000000 0.0000000000 1.7748873198
0.2412412412 0.0000000000 5.5623729435 0.5485145233 0.0000000000 0.0000000000 1.7901915128
0.2422422422 0.0000000000 5.5879408538 0.5609041514 0.0000000000 0.0000000000 1.8053995136
0.2432432432 0.0000000000 5.6127392257 0.5732499959 0.0000000000 0.0000000000 1.8205113221
0.2442442442 0.0000000000 5.6367680594 0.5855520570 0.0000000000 0.0000000000 1.8355269383
0.2452452452 0.0000000000 5.6600273547 0.5978103346 0.0000000000 0.0000000000 1.8504463623
0.2462462462 0.0000000000 5.6825171117 0.6100248288 0.0000000000 0.0000000000 1.8652695939
0.2472472472 0.0000000000 5.7042373304 0.6221955395 0.0000000000 0.0000000000 1.8799966333
0.2482482482 0.0000000000 5.7251880108 0.6343224667 0.0000000000 0.0000000000 1.8946274803
0.2492492492 0.0000000000 5.7453691529 0.6464056104 0.0000000000 0.0000000000 1.9091621351
0.2502502503 0.0000000000 5.7647807567 0.6584449707 0.0000000000 0.0000000000 1.9236005976
0.2512512513 0.0000000000 5.7834228222 0.6704405475 0.0000000000 0.0000000000 1.9379428678
0.2522522523 0.0000000000 5.8012953494 0.6823923408 0.0000000000 0.0000000000 1.9521889457
0.2532532533 0.0000000000 5.8183983383 0.6943003506 0.0000000000 0.0000000000 1.9663388313
0.2542542543 0.0000000000 5.8347317888 0.7061645770 0.0000000000 0.0000000000 1.9803925247
0.2552552553 0.0000000000 5.8502957011 0.7179850199 0.0000000000 0.0000000000 1.9943500257
0.2562562563 0.0000000000 5.8650900751 0.7297616794 0.0000000000 0.0000000000 2.0082113345
0.2572572573 0.0000000000 5.8791149107 0.7414945553 0.0000000000 0.0000000000 2.0219764509
0.2582582583 0.0000000000 5.8923702080 0.7531836478 0.0000000000 0.0000000000 2.0356453751
0.2592592593 0.0000000000 5.9048559671 0.7648289568 0.0000000000 0.0000000000 2.0492181070
0.2602602603 0.0000000000 5.9165721878 0.7764304823 0.0000000000 0.0000000000 2.0626946466
0.2612612613 0.0000000000 5.9275188702 0.7879882244 0.0000000000 0.0000000000 2.0760749939
0.2622622623 0.0000000000 5.9376960143 0.7995021830 0.0000000000 0.0000000000 2.0893591489
0.2632632633 0.0000000000 5.9471036201 0.8109723581 0.0000000000 0.0000000000 2.1025471117
0.2642642643 0.0000000000 5.9557416876 0.8223987498 0.0000000000 0.0000000000 2.1156388821
0.2652652653 0.0000000000 5.9636102168 0.8337813580 0.0000000000 0.0000000000 2.1286344603
0.2662662663 0.0000000000 5.9707092077 0.8451201827 0.0000000000 0.0000000000 2.1415338462
0.2672672673 0.0000000000 5.9770386603 0.8564152239 0.0000000000 0.0000000000 2.1543370397
0.2682682683 0.0000000000 5.9825985746 0.8676664817 0.0000000000 0.0000000000 2.1670440410
0.2692692693 0.0000000000 5.9873889505 0.8788739560 0.0000000000 0.0000000000 2.1796548500
0.2702702703 0.0000000000 5.9914097882 0.8900376468 0.0000000000 0.0000000000 2.1921694668
0.2712712713 0.0000000000 5.9946610875 0.9011575541 0.0000000000 0.0000000000 2.2045878912
0.2722722723 0.0000000000 5.9971428486 0.9122336780 0.0000000000 0.0000000000 2.2169101233
0.2732732733 0.0000000000 5.9988550713 0.9232660184 0.0000000000 0.0000000000 2.2291361632
0.2742742743 0.0000000000 5.9997977557 0.9342545754 0.0000000000 0.0000000000 2.2412660108
0.2752752753 0.0000000000 5.9999709018 0.9451993488 0.0000000000 0.0000000000 2.2532996660
0.2762762763 0.0000000000 5.9993745096 0.9561003388 0.0000000000 0.0000000000 2.2652371290
0.2772772773 0.0000000000 5.9980085791 0.9669575453 0.0000000000 0.0000000000 2.2770783997
0.2782782783 0.0000000000 5.9958731103 0.9777709684 0.0000000000 0.0000000000 2.2888234781
0.2792792793 0.0000000000 5.9929681032 0.9885406079 0.0000000000 0.0000000000 2.3004723643
0.2802802803 0.0000000000 5.9892935578 0.9992664640 0.0000000000 0.0000000000 2.3120250581
0.2812812813 0.0000000000 5.9848494741 1.0099485366 0.0000000000 0.0000000000 2.3234815596
0.2822822823 0.0000000000 5.9796358521 1.0205868258 0.0000000000 0.0000000000 2.3348418689
0.2832832833 0.0000000000 5.9736526917 1.0311813315 0.0000000000 0.0000000000 2.3461059859
0.2842842843 0.0000000000 5.9668999931 1.0417320537 0.0000000000 0.0000000000 2.3572739105
0.2852852853 0.0000000000 5.9593777561 1.0522389924 0.0000000000 0.0000000000 2.3683456429
0.2862862863 0.0000000000 5.9510859809 1.0627021477 0.0000000000 0.0000000000 2.3793211830
0.2872872873 0.0000000000 5.9420246673 1.0731215195 0.0000000000 0.0000000000 2.3902005309
0.2882882883 0.0000000000 5.9321938154 1.0834971078 0.0000000000 0.0000000000 2.4009836864
0.2892892893 0.0000000000 5.9215934253 1.0938289127 0.0000000000 0.0000000000 2.4116706496
0.2902902903 0.0000000000 5.9102234968 1.1041169340 0.0000000000 0.0000000000 2.4222614206
0.2912912913 0.0000000000 5.8980840300 1.1143611719 0.0000000000 0.0000000000 2.4327559992
0.2922922923 0.0000000000 5.8851750249 1.1245616264 0.0000000000 0.0000000000 2.4431543856
0.2932932933 0.0000000000 5.8714964815 1.1347182973 0.0000000000 0.0000000000 2.4534565797
0.2942942943 0.0000000000 5.8570483998 1.1448311848 0.0000000000 0.0000000000 2.4636625815
0.2952952953 0.0000000000 5.8418307797 1.1549002888 0.0000000000 0.0000000000 2.4737723910
0.2962962963 0.0000000000 5.8258436214 1.1649256094 0.0000000000 0.0000000000 2.4837860082
0.2972972973 0.0000000000 5.8090869248 1.1749071464 0.0000000000 0.0000000000 2.4937034332
0.2982982983 0.0000000000 5.7915606898 1.1848449000 0.0000000000 0.0000000000 2.5035246658
0.2992992993 0.0000000000 5.7732649166 1.1947388702 0.0000000000 0.0000000000 2.5132497062
0.3003003003 0.0000000000 5.7541996050 1.2045890568 0.0000000000 0.0000000000 2.5228785542
0.3013013013 0.0000000000 5.7343647551 1.2143954600 0.0000000000 0.0000000000 2.5324112100
0.3023023023 0.0000000000 5.7137603670 1.2241580797 0.0000000000 0.0000000000 2.5418476735
0.3033033033 0.0000000000 5.6923864405 1.2338769159 0.0000000000 0.0000000000 2.5511879447
0.3043043043 0.0000000000 5.6702429757 1.2435519687 0.0000000000 0.0000000000 2.5604320236
0.3053053053 0.0000000000 5.6473299726 1.2531832380 0.0000000000 0.0000000000 2.5695799102
0.3063063063 0.0000000000 5.6236474312 1.2627707238 0.0000000000 0.0000000000 2.5786316046
0.3073073073 0.0000000000 5.5991953515 1.2723144262 0.0000000000 0.0000000000 2.5875871066
0.3083083083 0.0000000000 5.5739737335 1.2818143451 0.0000000000 0.0000000000 2.5964464164
0.3093093093 0.0000000000 5.5479825772 1.2912704805 0.0000000000 0.0000000000 2.6052095339
0.3103103103 0.0000000000 5.5212218825 1.3006828324 0.0000000000 0.0000000000 2.6138764590
0.3113113113 0.0000000000 5.4936916496 1.3100514009 0.0000000000 0.0000000000 2.6224471919
0.3123123123 0.0000000000 5.4653918784 1.3193761858 0.0000000000 0.0000000000 2.6309217325
0.3133133133 0.0000000000 5.4363225688 1.3286571874 0.0000000000 0.0000000000 2.6393000809
0.3143143143 0.0000000000 5.4064837210 1.3378944054 0.0000000000 0.0000000000 2.6475822369
0.3153153153 0.0000000000 5.3758753348 1.3470878400 0.0000000000 0.0000000000 2.6557682006
0.3163163163 0.0000000000 5.3444974103 1.3562374911 0.0000000000 0.0000000000 2.6638579721
0.3173173173 0.0000000000 5.3123499475 1.3653433587 0.0000000000 0.0000000000 2.6718515513
0.3183183183 0.0000000000 5.2794329465 1.3744054429 0.0000000000 0.0000000000 2.6797489381
0.3193193193 0.0000000000 5.2457464071 1.3834237435 0.0000000000 0.0000000000 2.6875501327
0.3203203203 0.0000000000 5.2112903294 1.3923982607 0.0000000000 0.0000000000 2.6952551350
0.3213213213 0.0000000000 5.1760647134 1.4013289945 0.0000000000 0.0000000000 2.7028639450
0.3223223223 0.0000000000 5.1400695590 1.4102159448 0.0000000000 0.0000000000 2.7103765627
0.3233233233 0.0000000000 5.1033048664 1.4190591115 0.0000000000 0.0000000000 2.7177929882
0.3243243243 0.0000000000 5.0657706355 1.4278584949 0.0000000000 0.0000000000 2.7251132213
0.3253253253 0.0000000000 5.0274668663 1.4366140947 0.0000000000 0.0000000000 2.7323372622
0.3263263263 0.0000000000 4.9883935587 1.4453259111 0.0000000000 0.0000000000 2.7394651108
0.3273273273 0.0000000000 4.9485507129 1.4539939440 0.0000000000 0.0000000000 2.7464967670
0.3283283283 0.0000000000 4.9079383287 1.4626181934 0.0000000000 0.0000000000 2.7534322310
0.3293293293 0.0000000000 4.8665564063 1.4711986594 0.0000000000 0.0000000000 2.7602715027
0.3303303303 0.0000000000 4.8244049455 1.4797353419 0.0000000000 0.0000000000 2.7670145821
0.3313313313 0.0000000000 4.7814839464 1.4882282409 0.0000000000 0.0000000000 2.7736614693
0.3323323323 0.0000000000 4.7377934090 1.4966773564 0.0000000000 0.0000000000 2.7802121641
0.3333333333 0.0000000000 4.6933333333 1.5050826885 0.0000000000 0.0000000000 2.7866666667
0.3343343343 0.0000000000 4.6481037193 1.5134442371 0.0000000000 0.0000000000 2.7930249769
0.3353353353 0.0000000000 4.6021045670 1.5217620022 0.0000000000 0.0000000000 2.7992870949
0.3363363363 0.0000000000 4.5553358764 1.5300359839 0.0000000000 0.0000000000 2.8054530206
0.3373373373 0.0000000000 4.5077976475 1.5382661821 0.0000000000 0.0000000000 2.8115227540
0.3383383383 0.0000000000 4.4594898803 1.5464525968 0.0000000000 0.0000000000 2.8174962951
0.3393393393 0.0000000000 4.4104125747 1.5545952280 0.0000000000 0.0000000000 2.8233736439
0.3403403403 0.0000000000 4.3605657309 1.5626940758 0.0000000000 0.0000000000 2.8291548004
0.3413413413 0.0000000000 4.3099493487 1.5707491401 0.0000000000 0.0000000000 2.8348397647
0.3423423423 0.0000000000 4.2585634283 1.5787604209 0.0000000000 0.0000000000 2.8404285366
0.3433433433 0.0000000000 4.2064079695 1.5867279183 0.0000000000 0.0000000000 2.8459211163
0.3443443443 0.0000000000 4.1534829725 1.5946516321 0.0000000000 0.0000000000 2.8513175037
0.3453453453 0.0000000000 4.0997884371 1.6025315626 0.0000000000 0.0000000000 2.8566176988
0.3463463463 0.0000000000 4.0453243634 1.6103677095 0.0000000000 0.0000000000 2.8618217016
0.3473473473 0.0000000000 3.9900907514 1.6181600729 0.0000000000 0.0000000000 2.8669295121
0.3483483483 0.0000000000 3.9340876011 1.6259086529 0.0000000000 0.0000000000 2.8719411303
0.3493493493 0.0000000000 3.8773149125 1.6336134495 0.0000000000 0.0000000000 2.8768565563
0.3503503504 0.0000000000 3.8197726856 1.6412744625 0.0000000000 0.0000000000 2.8816757899
0.3513513514 0.0000000000 3.7614609204 1.6488916921 0.0000000000 0.0000000000 2.8863988313
0.3523523524 0.0000000000 3.7023796169 1.6564651382 0.0000000000 0.0000000000 2.8910256803
0.3533533534 0.0000000000 3.6425287750 1.6639948008 0.0000000000 0.0000000000 2.8955563371
0.3543543544 0.0000000000 3.5819083949 1.6714806800 0.0000000000 0.0000000000 2.8999908016
0.3553553554 0.0000000000 3.5205184764 1.6789227756 0.0000000000 0.0000000000 2.9043290738
0.3563563564 0.0000000000 3.4583590197 1.6863210879 0.0000000000 0.0000000000 2.9085711537
0.3573573574 0.0000000000 3.3954300246 1.6936756166 0.0000000000 0.0000000000 2.9127170414
0.3583583584 0.0000000000 3.3317314913 1.7009863619 0.0000000000 0.0000000000 2.9167667367
0.3593593594 0.0000000000 3.2672634196 1.7082533237 0.0000000000 0.0000000000 2.9207202398
0.3603603604 0.0000000000 3.2020258096 1.7154765020 0.0000000000 0.0000000000 2.9245775505
0.3613613614 0.0000000000 3.1360186613 1.7226558968 0.0000000000 0.0000000000 2.9283386690
0.3623623624 0.0000000000 3.0692419747 1.7297915082 0.0000000000 0.0000000000 2.9320035952
0.3633633634 0.0000000000 3.0016957498 1.7368833361 0.0000000000 0.0000000000 2.9355723291
0.3643643644 0.0000000000 2.9333799866 1.7439313806 0.0000000000 0.0000000000 2.9390448707
0.3653653654 0.0000000000 2.8642946851 1.7509356415 0.0000000000 0.0000000000 2.9424212200
0.3663663664 0.0000000000 2.7944398453 1.7578961190 0.0000000000 0.0000000000 2.9457013771
0.3673673674 0.0000000000 2.7238154671 1.7648128130 0.0000000000 0.0000000000 2.9488853418
0.3683683684 0.0000000000 2.6524215507 1.7716857236 0.0000000000 0.0000000000 2.9519731143
0.3693693694 0.0000000000 2.5802580959 1.7785148506 0.0000000000 0.0000000000 2.9549646944
0.3703703704 0.0000000000 2.5073251029 1.7853001942 0.0000000000 0.0000000000 2.9578600823
0.3713713714 0.0000000000 2.4336225715 1.7920417544 0.0000000000 0.0000000000 2.9606592779
0.3723723724 0.0000000000 2.3591505019 1.7987395310 0.0000000000 0.0000000000 2.9633622812
0.3733733734 0.0000000000 2.2839088939 1.8053935242 0.0000000000 0.0000000000 2.9659690922
0.3743743744 0.0000000000 2.2078977476 1.8120037339 0.0000000000 0.0000000000 2.9684797109
0.3753753754 0.0000000000 2.1311170630 1.8185701602 0.0000000000 0.0000000000 2.9708941374
0.3763763764 0.0000000000 2.0535668401 1.8250928029 0.0000000000 0.0000000000 2.9732123715
0.3773773774 0.0000000000 1.9752470789 1.8315716622 0.0000000000 0.0000000000 2.9754344134
0.3783783784 0.0000000000 1.8961577794 1.8380067381 0.0000000000 0.0000000000 2.9775602630
0.3793793794 0.0000000000 1.8162989416 1.8443980304 0.0000000000 0.0000000000 2.9795899203
0.3803803804 0.0000000000 1.7356705655 1.8507455393 0.0000000000 0.0000000000 2.9815233852
0.3813813814 0.0000000000 1.6542726510 1.8570492647 0.0000000000 0.0000000000 2.9833606580
0.3823823824 0.0000000000 1.5721051983 1.8633092066 0.0000000000 0.0000000000 2.9851017384
0.3833833834 0.0000000000 1.4891682072 1.8695253651 0.0000000000 0.0000000000 2.9867466265
0.3843843844 0.0000000000 1.4054616779 1.8756977401 0.0000000000 0.0000000000 2.9882953223
0.3853853854 0.0000000000 1.3209856102 1.8818263316 0.0000000000 0.0000000000 2.9897478259
0.3863863864 0.0000000000 1.2357400043 1.8879111396 0.0000000000 0.0000000000 2.9911041372
0.3873873874 0.0000000000 1.1497248600 1.8939521642 0.0000000000 0.0000000000 2.9923642561
0.3883883884 0.0000000000 1.0629401774 1.8999494053 0.0000000000 0.0000000000 2.9935281828
0.3893893894 0.0000000000 0.9753859565 1.9059028630 0.0000000000 0.0000000000 2.9945959172
0.3903903904 0.0000000000 0.8870621973 1.9118125371 0.0000000000 0.0000000000 2.9955674594
0.3913913914 0.0000000000 0.7979688998 1.9176784278 0.0000000000 0.0000000000 2.9964428092
0.3923923924 0.0000000000 0.7081060640 1.9235005350 0.0000000000 0.0000000000 2.9972219667
0.3933933934 0.0000000000 0.6174736899 1.9292788588 0.0000000000 0.0000000000 2.9979049320
0.3943943944 0.0000000000 0.5260717775 1.9350133990 0.0000000000 0.0000000000 2.9984917049
0.3953953954 0.0000000000 0.4339003268 1.9407041558 0.0000000000 0.0000000000 2.9989822856
0.3963963964 0.0000000000 0.3409593377 1.9463511291 0.0000000000 0.0000000000 2.9993766740
0.3973973974 0.0000000000 0.2472488104 1.9519543190 0.0000000000 0.0000000000 2.9996748701
0.3983983984 0.0000000000 0.1527687447 1.9575137254 0.0000000000 0.0000000000 2.9998768739
0.3993993994 0.0000000000 0.0575191408 1.9630293483 0.0000000000 0.0000000000 2.9999826854
0.4004004004 0.0000000000 0.0000000000 1.9685011877 0.0383768754 0.0118531595 2.9999923046
0.4014014014 0.0000000000 0.0000000000 1.9739292437 0.1337803870 0.0413936925 2.9999057316
0.4024024024 0.0000000000 0.0000000000 1.9793135162 0.2284143603 0.0708022745 2.9997229662
0.4034034034 0.0000000000 0.0000000000 1.9846540052 0.3222787953 0.1000789055 2.9994440086
0.4044044044 0.0000000000 0.0000000000 1.9899507107 0.4153736920 0.1292235854 2.9990688586
0.4054054054 0.0000000000 0.0000000000 1.9952036328 0.5076990504 0.1582363144 2.9985975164
0.4064064064 0.0000000000 0.0000000000 2.0004127714 0.5992548705 0.1871170923 2.9980299819
0.4074074074 0.0000000000 0.0000000000 2.0055781266 0.6900411523 0.2158659193 2.9973662551
0.4084084084 0.0000000000 0.0000000000 2.0106996982 0.7800578957 0.2444827952 2.9966063361
0.4094094094 0.0000000000 0.0000000000 2.0157774864 0.8693051009 0.2729677201 2.9957502247
0.4104104104 0.0000000000 0.0000000000 2.0208114911 0.9577827678 0.3013206940 2.9947979210
0.4114114114 0.0000000000 0.0000000000 2.0258017124 1.0454908963 0.3295417169 2.9937494251
0.4124124124 0.0000000000 0.0000000000 2.0307481501 1.1324294865 0.3576307887 2.9926047369
0.4134134134 0.0000000000 0.0000000000 2.0356508044 1.2185985385 0.3855879096 2.9913638563
0.4144144144 0.0000000000 0.0000000000 2.0405096752 1.3039980521 0.4134130794 2.9900267835
0.4154154154 0.0000000000 0.0000000000 2.0453247626 1.3886280274 0.4411062982 2.9885935184
0.4164164164 0.0000000000 0.0000000000 2.0500960665 1.4724884644 0.4686675661 2.9870640611
0.4174174174 0.0000000000 0.0000000000 2.0548235869 1.5555793631 0.4960968829 2.9854384114
0.4184184184 0.0000000000 0.0000000000 2.0595073238 1.6379007235 0.5233942486 2.9837165694
0.4194194194 0.0000000000 0.0000000000 2.0641472773 1.7194525456 0.5505596634 2.9818985352
0.4204204204 0.0000000000 0.0000000000 2.0687434473 1.8002348294 0.5775931272 2.9799843086
0.4214214214 0.0000000000 0.0000000000 2.0732958338 1.8802475749 0.6044946399 2.9779738898
0.4224224224 0.0000000000 0.0000000000 2.0778044368 1.9594907821 0.6312642017 2.9758672787
0.4234234234 0.0000000000 0.0000000000 2.0822692564 2.0379644509 0.6579018124 2.9736644753
0.4244244244 0.0000000000 0.0000000000 2.0866902925 2.1156685815 0.6844074721 2.9713654796
0.4254254254 0.0000000000 0.0000000000 2.0910675452 2.1926031737 0.7107811808 2.9689702916
0.4264264264 0.0000000000 0.0000000000 2.0954010143 2.2687682277 0.7370229385 2.9664789113
0.4274274274 0.0000000000 0.0000000000 2.0996907000 2.3441637433 0.7631327452 2.9638913388
0.4284284284 0.0000000000 0.0000000000 2.1039366022 2.4187897207 0.7891106008 2.9612075739
0.4294294294 0.0000000000 0.0000000000 2.1081387210 2.4926461597 0.8149565055 2.9584276168
0.4304304304 0.0000000000 0.0000000000 2.1122970562 2.5657330604 0.8406704591 2.9555514674
0.4314314314 0.0000000000 0.0000000000 2.1164116080 2.6380504228 0.8662524617 2.9525791257
0.4324324324 0.0000000000 0.0000000000 2.1204823764 2.7095982469 0.8917025133 2.9495105917
0.4334334334 0.0000000000 0.0000000000 2.1245093612 2.7803765327 0.9170206139 2.9463458654
0.4344344344 0.0000000000 0.0000000000 2.1284925626 2.8503852802 0.9422067635 2.9430849468
0.4354354354 0.0000000000 0.0000000000 2.1324319805 2.9196244894 0.9672609621 2.9397278359
0.4364364364 0.0000000000 0.0000000000 2.1363276149 2.9880941602 0.9921832096 2.9362745328
0.4374374374 0.0000000000 0.0000000000 2.1401794659 3.0557942928 1.0169735062 2.9327250373
0.4384384384 0.0000000000 0.0000000000 2.1439875334 3.1227248870 1.0416318517 2.9290793496
0.4394394394 0.0000000000 0.0000000000 2.1477518174 3.1888859430 1.0661582462 2.9253374696
0.4404404404 0.0000000000 0.0000000000 2.1514723180 3.2542774606 1.0905526897 2.9214993973
0.4414414414 0.0000000000 0.0000000000 2.1551490350 3.3188994400 1.1148151822 2.9175651327
0.4424424424 0.0000000000 0.0000000000 2.1587819687 3.3827518810 1.1389457237 2.9135346758
0.4434434434 0.0000000000 0.0000000000 2.1623711188 3.4458347837 1.1629443142 2.9094080266
0.4444444444 0.0000000000 0.0000000000 2.1659164854 3.5081481481 1.1868109536 2.9051851852
0.4454454454 0.0000000000 0.0000000000 2.1694180686 3.5696919743 1.2105456421 2.9008661514
0.4464464464 0.0000000000 0.0000000000 2.1728758683 3.6304662621 1.2341483795 2.8964509254
0.4474474474 0.0000000000 0.0000000000 2.1762898846 3.6904710116 1.2576191659 2.8919395071
0.4484484484 0.0000000000 0.0000000000 2.1796601174 3.7497062227 1.2809580013 2.8873318965
0.4494494494 0.0000000000 0.0000000000 2.1829865667 3.8081718956 1.3041648857 2.8826280936
0.4504504505 0.0000000000 0.0000000000 2.1862692325 3.8658680302 1.3272398191 2.8778280984
0.4514514515 0.0000000000 0.0000000000 2.1895081148 3.9227946265 1.3501828014 2.8729319109
0.4524524525 0.0000000000 0.0000000000 2.1927032137 3.9789516844 1.3729938328 2.8679395311
0.4534534535 0.0000000000 0.0000000000 2.1958545291 4.0343392041 1.3956729131 2.8628509591
0.4544544545 0.0000000000 0.0000000000 2.1989620611 4.0889571854 1.4182200424 2.8576661947
0.4554554555 0.0000000000 0.0000000000 2.2020258095 4.1428056285 1.4406352208 2.8523852381
0.4564564565 0.0000000000 0.0000000000 2.2050457745 4.1958845332 1.4629184481 2.8470080892
0.4574574575 0.0000000000 0.0000000000 2.2080219561 4.2481938996 1.4850697243 2.8415347480
0.4584584585 0.0000000000 0.0000000000 2.2109543541 4.2997337277 1.5070890496 2.8359652145
0.4594594595 0.0000000000 0.0000000000 2.2138429687 4.3505040175 1.5289764239 2.8302994887
0.4604604605 0.0000000000 0.0000000000 2.2166877998 4.4005047690 1.5507318471 2.8245375706
0.4614614615 0.0000000000 0.0000000000 2.2194888474 4.4497359822 1.5723553194 2.8186794602
0.4624624625 0.0000000000 0.0000000000 2.2222461116 4.4981976571 1.5938468406 2.8127251576
0.4634634635 0.0000000000 0.0000000000 2.2249595923 4.5458897937 1.6152064108 2.8066746627
0.4644644645 0.0000000000 0.0000000000 2.2276292895 4.5928123920 1.6364340300 2.8005279754
0.4654654655 0.0000000000 0.0000000000 2.2302552032 4.6389654519 1.6575296982 2.7942850959
0.4664664665 0.0000000000 0.0000000000 2.2328373335 4.6843489736 1.6784934153 2.7879460241
0.4674674675 0.0000000000 0.0000000000 2.2353756803 4.7289629570 1.6993251815 2.7815107600
0.4684684685 0.0000000000 0.0000000000 2.2378702436 4.7728074020 1.7200249966 2.7749793036
0.4694694695 0.0000000000 0.0000000000 2.2403210235 4.8158823087 1.7405928608 2.7683516550
0.4704704705 0.0000000000 0.0000000000 2.2427280199 4.8581876772 1.7610287739 2.7616278140
0.4714714715 0.0000000000 0.0000000000 2.2450912328 4.8997235073 1.7813327360 2.7548077808
0.4724724725 0.0000000000 0.0000000000 2.2474106622 4.9404897991 1.8015047471 2.7478915552
0.4734734735 0.0000000000 0.0000000000 2.2496863082 4.9804865526 1.8215448072 2.7408791374
0.4744744745 0.0000000000 0.0000000000 2.2519181707 5.0197137678 1.8414529162 2.7337705273
0.4754754755 0.0000000000 0.0000000000 2.2541062497 5.0581714447 1.8612290743 2.7265657249
0.4764764765 0.0000000000 0.0000000000 2.2562505452 5.0958595833 1.8808732813 2.7192647302
0.4774774775 0.0000000000 0.0000000000 2.2583510573 5.1327781836 1.9003855374 2.7118675432
0.4784784785 0.0000000000 0.0000000000 2.2604077859 5.1689272456 1.9197658424 2.7043741640
0.4794794795 0.0000000000 0.0000000000 2.2624207311 5.2043067692 1.9390141964 2.6967845924
0.4804804805 0.0000000000 0.0000000000 2.2643898927 5.2389167546 1.9581305994 2.6890988286
0.4814814815 0.0000000000 0.0000000000 2.2663152709 5.2727572016 1.9771150513 2.6813168724
0.4824824825 0.0000000000 0.0000000000 2.2681968656 5.3058281104 1.9959675523 2.6734387240
0.4834834835 0.0000000000 0.0000000000 2.2700346769 5.3381294808 2.0146881023 2.6654643833
0.4844844845 0.0000000000 0.0000000000 2.2718287047 5.3696613130 2.0332767012 2.6573938503
0.4854854855 0.0000000000 0.0000000000 2.2735789490 5.4004236068 2.0517333491 2.6492271250
0.4864864865 0.0000000000 0.0000000000 2.2752854098 5.4304163623 2.0700580460 2.6409642075
0.4874874875 0.0000000000 0.0000000000 2.2769480871 5.4596395795 2.0882507919 2.6326050976
0.4884884885 0.0000000000 0.0000000000 2.2785669810 5.4880932584 2.1063115868 2.6241497954
0.4894894895 0.0000000000 0.0000000000 2.2801420914 5.5157773990 2.1242404307 2.6155983010
0.4904904905 0.0000000000 0.0000000000 2.2816734184 5.5426920013 2.1420373236 2.6069506143
0.4914914915 0.0000000000 0.0000000000 2.2831609618 5.5688370653 2.1597022654 2.5982067353
0.4924924925 0.0000000000 0.0000000000 2.2846047218 5.5942125910 2.1772352562 2.5893666640
0.4934934935 0.0000000000 0.0000000000 2.2860046984 5.6188185783 2.1946362961 2.5804304004
0.4944944945 0.0000000000 0.0000000000 2.2873608914 5.6426550274 2.2119053849 2.5713979445
0.4954954955 0.0000000000 0.0000000000 2.2886733010 5.6657219382 2.2290425227 2.5622692963
0.4964964965 0.0000000000 0.0000000000 2.2899419271 5.6880193106 2.2460477095 2.5530444559
0.4974974975 0.0000000000 0.0000000000 2.2911667697 5.7095471447 2.2629209452 2.5437234231
0.4984984985 0.0000000000 0.0000000000 2.2923478289 5.7303054406 2.2796622300 2.5343061981
0.4994994995 0.0000000000 0.0000000000 2.2934851046 5.7502941981 2.2962715637 2.5247927808
0.5005005005 0.0000000000 0.0000000000 2.2945785968 5.7695134173 2.3127489465 2.5151831712
0.5015015015 0.0000000000 0.0000000000 2.2956283055 5.7879630982 2.3290943782 2.5054773693
0.5025025025 0.0000000000 0.0000000000 2.2966342308 5.8056432408 2.3453078589 2.4956753751
0.5035035035 0.0000000000 0.0000000000 2.2975963726 5.8225538451 2.3613893886 2.4857771886
0.5045045045 0.0000000000 0.0000000000 2.2985147309 5.8386949111 2.3773389673 2.4757828098
0.5055055055 0.0000000000 0.0000000000 2.2993893058 5.8540664388 2.3931565949 2.4656922388
0.5065065065 0.0000000000 0.0000000000 2.3002200972 5.8686684282 2.4088422716 2.4555054754
0.5075075075 0.0000000000 0.0000000000 2.3010071051 5.8825008793 2.4243959972 2.4452225198
0.5085085085 0.0000000000 0.0000000000 2.3017503295 5.8955637920 2.4398177719 2.4348433719
0.5095095095 0.0000000000 0.0000000000 2.3024497705 5.9078571665 2.4551075955 2.4243680317
0.5105105105 0.0000000000 0.0000000000 2.3031054280 5.9193810026 2.4702654681 2.4137964992
0.5115115115 0.0000000000 0.0000000000 2.3037173020 5.9301353005 2.4852913897 2.4031287744
0.5125125125 0.0000000000 0.0000000000 2.3042853926 5.9401200600 2.5001853602 2.3923648573
0.5135135135 0.0000000000 0.0000000000 2.3048096997 5.9493352812 2.5149473798 2.3815047480
0.5145145145 0.0000000000 0.0000000000 2.3052902233 5.9577809641 2.5295774484 2.3705484463
0.5155155155 0.0000000000 0.0000000000 2.3057269634 5.9654571088 2.5440755659 2.3594959524
0.5165165165 0.0000000000 0.0000000000 2.3061199201 5.9723637151 2.5584417324 2.3483472662
0.5175175175 0.0000000000 0.0000000000 2.3064690933 5.9785007831 2.5726759479 2.3371023877
0.5185185185 0.0000000000 0.0000000000 2.3067744830 5.9838683128 2.5867782124 2.3257613169
0.5195195195 0.0000000000 0.0000000000 2.3070360892 5.9884663041 2.6007485259 2.3143240538
0.5205205205 0.0000000000 0.0000000000 2.3072539120 5.9922947572 2.6145868884 2.3027905984
0.5215215215 0.0000000000 0.0000000000 2.3074279513 5.9953536720 2.6282932999 2.2911609507
0.5225225225 0.0000000000 0.0000000000 2.3075582071 5.9976430485 2.6418677603 2.2794351108
0.5235235235 0.0000000000 0.0000000000 2.3076446795 5.9991628866 2.6553102698 2.2676130785
0.5245245245 0.0000000000 0.0000000000 2.3076873684 5.9999131865 2.6686208282 2.2556948540
0.5255255255 0.0000000000 0.0000000000 2.3076862738 5.9998939480 2.6817994356 2.2436804372
0.5265265265 0.0000000000 0.0000000000 2.3076413957 5.9991051712 2.6948460920 2.2315698281
0.5275275275 0.0000000000 0.0000000000 2.3075527342 5.9975468562 2.7077607974 2.2193630267
0.5285285285 0.0000000000 0.0000000000 2.3074202892 5.9952190028 2.7205435517 2.2070600330
0.5295295295 0.0000000000 0.0000000000 2.3072440607 5.9921216111 2.7331943551 2.1946608470
0.5305305305 0.0000000000 0.0000000000 2.3070240488 5.9882546811 2.7457132075 2.1821654688
0.5315315315 0.0000000000 0.0000000000 2.3067602533 5.9836182128 2.7581001088 2.1695738982
0.5325325325 0.0000000000 0.0000000000 2.3064526745 5.9782122062 2.7703550591 2.1568861354
0.5335335335 0.0000000000 0.0000000000 2.3061013121 5.9720366613 2.7824780584 2.1441021803
0.5345345345 0.0000000000 0.0000000000 2.3057061663 5.9650915781 2.7944691067 2.1312220328
0.5355355355 0.0000000000 0.0000000000 2.3052672369 5.9573769565 2.8063282040 2.1182456931
0.5365365365 0.0000000000 0.0000000000 2.3047845242 5.9488927967 2.8180553503 2.1051731611
0.5375375375 0.0000000000 0.0000000000 2.3042580279 5.9396390986 2.8296505455 2.0920044369
0.5385385385 0.0000000000 0.0000000000 2.3036877482 5.9296158621 2.8411137898 2.0787395203
0.5395395395 0.0000000000 0.0000000000 2.3030736850 5.9188230874 2.8524450830 2.0653784114
0.5405405405 0.0000000000 0.0000000000 2.3024158383 5.9072607743 2.8636444252 2.0519211103
0.5415415415 0.0000000000 0.0000000000 2.3017142082 5.8949289229 2.8747118164 2.0383676169
0.5425425425 0.0000000000 0.0000000000 2.3009687946 5.8818275332 2.8856472566 2.0247179311
0.5435435435 0.0000000000 0.0000000000 2.3001795975 5.8679566053 2.8964507458 2.0109720531
0.5445445445 0.0000000000 0.0000000000 2.2993466169 5.8533161390 2.9071222839 1.9971299828
0.5455455455 0.0000000000 0.0000000000 2.2984698529 5.8379061344 2.9176618711 1.9831917202
0.5465465465 0.0000000000 0.0000000000 2.2975493054 5.8217265915 2.9280695072 1.9691572654
0.5475475475 0.0000000000 0.0000000000 2.2965849744 5.8047775102 2.9383451924 1.9550266182
0.5485485485 0.0000000000 0.0000000000 2.2955768600 5.7870588907 2.9484889265 1.9407997788
0.5495495495 0.0000000000 0.0000000000 2.2945249620 5.7685707329 2.9585007096 1.9264767470
0.5505505506 0.0000000000 0.0000000000 2.2934292807 5.7493130368 2.9683805417 1.9120575230
0.5515515516 0.0000000000 0.0000000000 2.2922898158 5.7292858023 2.9781284228 1.8975421067
0.5525525526 0.0000000000 0.0000000000 2.2911065675 5.7084890296 2.9877443528 1.8829304981
0.5535535536 0.0000000000 0.0000000000 2.2898795356 5.6869227185 2.9972283319 1.8682226972
0.5545545546 0.0000000000 0.0000000000 2.2886087204 5.6645868692 3.0065803599 1.8534187040
0.5555555556 0.0000000000 0.0000000000 2.2872941216 5.6414814815 3.0158004369 1.8385185185
0.5565565566 0.0000000000 0.0000000000 2.2859357394 5.6176065555 3.0248885629 1.8235221408
0.5575575576 0.0000000000 0.0000000000 2.2845335737 5.5929620912 3.0338447379 1.8084295707
0.5585585586 0.0000000000 0.0000000000 2.2830876245 5.5675480886 3.0426689619 1.7932408084
0.5595595596 0.0000000000 0.0000000000 2.2815978919 5.5413645477 3.0513612349 1.7779558538
0.5605605606 0.0000000000 0.0000000000 2.2800643758 5.5144114685 3.0599215569 1.7625747068
0.5615615616 0.0000000000 0.0000000000 2.2784870762 5.4866888510 3.0683499278 1.7470973676
0.5625625626 0.0000000000 0.0000000000 2.2768659931 5.4581966952 3.0766463477 1.7315238361
0.5635635636 0.0000000000 0.0000000000 2.2752011266 5.4289350011 3.0848108167 1.7158541124
0.5645645646 0.0000000000 0.0000000000 2.2734924766 5.3989037686 3.0928433346 1.7000881963
0.5655655656 0.0000000000 0.0000000000 2.2717400431 5.3681029979 3.1007439015 1.6842260879
0.5665665666 0.0000000000 0.0000000000 2.2699438262 5.3365326888 3.1085125173 1.6682677873
0.5675675676 0.0000000000 0.0000000000 2.2681038258 5.3041928415 3.1161491822 1.6522132944
0.5685685686 0.0000000000 0.0000000000 2.2662200419 5.2710834558 3.1236538961 1.6360626092
0.5695695696 0.0000000000 0.0000000000 2.2642924745 5.2372045319 3.1310266589 1.6198157316
0.5705705706 0.0000000000 0.0000000000 2.2623211237 5.2025560696 3.1382674707 1.6034726619
0.5715715716 0.0000000000 0.0000000000 2.2603059894 5.1671380690 3.1453763316 1.5870333998
0.5725725726 0.0000000000 0.0000000000 2.2582470716 5.1309505301 3.1523532414 1.5704979454
0.5735735736 0.0000000000 0.0000000000 2.2561443703 5.0939934529 3.1591982002 1.5538662987
0.5745745746 0.0000000000 0.0000000000 2.2539978856 5.0562668374 3.1659112079 1.5371384598
0.5755755756 0.0000000000 0.0000000000 2.2518076174 5.0177706836 3.1724922647 1.5203144285
0.5765765766 0.0000000000 0.0000000000 2.2495735657 4.9785049915 3.1789413705 1.5033942050
0.5775775776 0.0000000000 0.0000000000 2.2472957306 4.9384697611 3.1852585252 1.4863777892
0.5785785786 0.0000000000 0.0000000000 2.2449741120 4.8976649923 3.1914437289 1.4692651811
0.5795795796 0.0000000000 0.0000000000 2.2426087099 4.8560906853 3.1974969817 1.4520563807
0.5805805806 0.0000000000 0.0000000000 2.2401995243 4.8137468399 3.2034182834 1.4347513880
0.5815815816 0.0000000000 0.0000000000 2.2377465553 4.7706334563 3.2092076340 1.4173502031
0.5825825826 0.0000000000 0.0000000000 2.2352498028 4.7267505343 3.2148650337 1.3998528258
0.5835835836 0.0000000000 0.0000000000 2.2327092668 4.6820980741 3.2203904824 1.3822592563
0.5845845846 0.0000000000 0.0000000000 2.2301249474 4.6366760755 3.2257839800 1.3645694944
0.5855855856 0.0000000000 0.0000000000 2.2274968445 4.5904845386 3.2310455267 1.3467835403
0.5865865866 0.0000000000 0.0000000000 2.2248249581 4.5435234634 3.2361751223 1.3289013939
0.5875875876 0.0000000000 0.0000000000 2.2221092882 4.4957928499 3.2411727669 1.3109230552
0.5885885886 0.0000000000 0.0000000000 2.2193498349 4.4472926981 3.2460384605 1.2928485242
0.5895895896 0.0000000000 0.0000000000 2.2165465981 4.3980230080 3.2507722031 1.2746778009
0.5905905906 0.0000000000 0.0000000000 2.2136995778 4.3479837796 3.2553739947 1.2564108854
0.5915915916 0.0000000000 0.0000000000 2.2108087741 4.2971750129 3.2598438352 1.2380477775
0.5925925926 0.0000000000 0.0000000000 2.2078741868 4.2455967078 3.2641817248 1.2195884774
0.5935935936 0.0000000000 0.0000000000 2.2048958161 4.1932488645 3.2683876633 1.2010329849
0.5945945946 0.0000000000 0.0000000000 2.2018736620 4.1401314828 3.2724616508 1.1823813002
0.5955955956 0.0000000000 0.0000000000 2.1988077243 4.0862445629 3.2764036873 1.1636334232
0.5965965966 0.0000000000 0.0000000000 2.1956980032 4.0315881046 3.2802137728 1.1447893539
0.5975975976 0.0000000000 0.0000000000 2.1925444986 3.9761621081 3.2838919073 1.1258490923
0.5985985986 0.0000000000 0.0000000000 2.1893472106 3.9199665732 3.2874380908 1.1068126385
0.5995995996 0.0000000000 0.0000000000 2.1861061391 3.8630015000 3.2908523233 1.0876799923
0.6006006006 0.0575191408 0.0000000000 2.1828212841 3.8052668885 3.2941346047 1.0684511539
0.6016016016 0.1527687447 0.0000000000 2.1794926456 3.7467627387 3.2972849351 1.0491261231
0.6026026026 0.2472488104 0.0000000000 2.1761202236 3.6874890506 3.3003033146 1.0297049001
0.6036036036 0.3409593377 0.0000000000 2.1727040182 3.6274458242 3.3031897430 1.0101874848
0.6046046046 0.4339003268 0.0000000000 2.1692440293 3.5666330595 3.3059442204 0.9905738772
0.6056056056 0.5260717775 0.0000000000 2.1657402570 3.5050507565 3.3085667467 0.9708640773
0.6066066066 0.6174736899 0.0000000000 2.1621927011 3.4426989151 3.3110573221 0.9510580851
0.6076076076 0.7081060640 0.0000000000 2.1586013618 3.3795775355 3.3134159465 0.9311559006
0.6086086086 0.7979688998 0.0000000000 2.1549662391 3.3156866175 3.3156426198 0.9111575239
0.6096096096 0.8870621973 0.0000000000 2.1512873328 3.2510261613 3.3177373421 0.8910629548
0.6106106106 0.9753859565 0.0000000000 2.1475646431 3.1855961667 3.3197001134 0.8708721935
0.6116116116 1.0629401774 0.0000000000 2.1437981699 3.1193966339 3.3215309338 0.8505852399
0.6126126126 1.1497248600 0.0000000000 2.1399879132 3.0524275627 3.3232298030 0.8302020940
0.6136136136 1.2357400043 0.0000000000 2.1361338731 2.9846889532 3.3247967213 0.8097227558
0.6146146146 1.3209856102 0.0000000000 2.1322360495 2.9161808054 3.3262316886 0.7891472253
0.6156156156 1.4054616779 0.0000000000 2.1282944424 2.8469031193 3.3275347048 0.7684755025
0.6166166166 1.4891682072 0.0000000000 2.1243090518 2.7768558949 3.3287057701 0.7477075875
0.6176176176 1.5721051983 0.0000000000 2.1202798778 2.7060391322 3.3297448843 0.7268434801
0.6186186186 1.6542726510 0.0000000000 2.1162069203 2.6344528312 3.3306520475 0.7058831805
0.6196196196 1.7356705655 0.0000000000 2.1120901793 2.5620969919 3.3314272597 0.6848266886
0.6206206206 1.8162989416 0.0000000000 2.1079296549 2.4889716143 3.3320705209 0.6636740043
0.6216216216 1.8961577794 0.0000000000 2.1037253470 2.4150766983 3.3325818311 0.6424251278
0.6226226226 1.9752470789 0.0000000000 2.0994772556 2.3404122441 3.3329611902 0.6210800590
0.6236236236 2.0535668401 0.0000000000 2.0951853807 2.2649782515 3.3332085984 0.5996387980
0.6246246246 2.1311170630 0.0000000000 2.0908497224 2.1887747207 3.3333240555 0.5781013446
0.6256256256 2.2078977476 0.0000000000 2.0864702806 2.1118016515 3.3333075617 0.5564676989
0.6266266266 2.2839088939 0.0000000000 2.0820470553 2.0340590440 3.3331591168 0.5347378610
0.6276276276 2.3591505019 0.0000000000 2.0775800466 1.9555468982 3.3328787209 0.5129118307
0.6286286286 2.4336225715 0.0000000000 2.0730692543 1.8762652142 3.3324663739 0.4909896082
0.6296296296 2.5073251029 0.0000000000 2.0685146786 1.7962139918 3.3319220760 0.4689711934
0.6306306306 2.5802580959 0.0000000000 2.0639163195 1.7153932311 3.3312458271 0.4468565863
0.6316316316 2.6524215507 0.0000000000 2.0592741768 1.6338029321 3.3304376271 0.4246457869
0.6326326326 2.7238154671 0.0000000000 2.0545882507 1.5514430947 3.3294974762 0.4023387953
0.6336336336 2.7944398453 0.0000000000 2.0498585411 1.4683137191 3.3284253742 0.3799356113
0.6346346346 2.8642946851 0.0000000000 2.0450850481 1.3844148052 3.3272213212 0.3574362350
0.6356356356 2.9333799866 0.0000000000 2.0402677716 1.2997463530 3.3258853172 0.3348406665
0.6366366366 3.0016957498 0.0000000000 2.0354067116 1.2143083624 3.3244173622 0.3121489057
0.6376376376 3.0692419747 0.0000000000 2.0305018681 1.1281008336 3.3228174561 0.2893609525
0.6386386386 3.1360186613 0.0000000000 2.0255532411 1.0411237664 3.3210855991 0.2664768071
0.6396396396 3.2020258096 0.0000000000 2.0205608307 0.9533771609 3.3192217910 0.2434964694
0.6406406406 3.2672634196 0.0000000000 2.0155246368 0.8648610172 3.3172260320 0.2204199395
0.6416416416 3.3317314913 0.0000000000 2.0104446595 0.7755753351 3.3150983219 0.1972472172
0.6426426426 3.3954300246 0.0000000000 2.0053208987 0.6855201147 3.3128386608 0.1739783026
0.6436436436 3.4583590197 0.0000000000 2.0001533543 0.5946953560 3.3104470487 0.1506131958
0.6446446446 3.5205184764 0.0000000000 1.9949420266 0.5031010590 3.3079234855 0.1271518966
0.6456456456 3.5819083949 0.0000000000 1.9896869153 0.4107372237 3.3052679714 0.1035944052
0.6466466466 3.6425287750 0.0000000000 1.9843880206 0.3176038501 3.3024805063 0.0799407215
0.6476476476 3.7023796169 0.0000000000 1.9790453424 0.2237009382 3.2995610901 0.0561908455
0.6486486486 3.7614609204 0.0000000000 1.9736588807 0.1290284879 3.2965097229 0.0323447772
0.6496496496 3.8197726856 0.0000000000 1.9682286356 0.0335864994 3.2933264048 0.0084025166
0.6506506507 3.8773149125 0.0000000000 1.9627546070 0.0000000000 3.2900111356 0.0000000000
0.6516516517 3.9340876011 0.0000000000 1.9572367949 0.0000000000 3.2865639153 0.0000000000
0.6526526527 3.9900907514 0.0000000000 1.9516751994 0.0000000000 3.2829847441 0.0000000000
0.6536536537 4.0453243634 0.0000000000 1.9460698203 0.0000000000 3.2792736219 0.0000000000
0.6546546547 4.0997884371 0.0000000000 1.9404206578 0.0000000000 3.2754305486 0.0000000000
0.6556556557 4.1534829725 0.0000000000 1.9347277119 0.0000000000 3.2714555244 0.0000000000
0.6566566567 4.2064079695 0.0000000000 1.9289909824 0.0000000000 3.2673485491 0.0000000000
0.6576576577 4.2585634283 0.0000000000 1.9232104695 0.0000000000 3.2631096228 0.0000000000
0.6586586587 4.3099493487 0.0000000000 1.9173861731 0.0000000000 3.2587387455 0.0000000000
0.6596596597 4.3605657309 0.0000000000 1.9115180933 0.0000000000 3.2542359172 0.0000000000
0.6606606607 4.4104125747 0.0000000000 1.9056062299 0.0000000000 3.2496011379 0.0000000000
0.6616616617 4.4594898803 0.0000000000 1.8996505831 0.0000000000 3.2448344075 0.0000000000
0.6626626627 4.5077976475 0.0000000000 1.8936511529 0.0000000000 3.2399357262 0.0000000000
0.6636636637 4.5553358764 0.0000000000 1.8876079391 0.0000000000 3.2349050938 0.0000000000
0.6646646647 4.6021045670 0.0000000000 1.8815209419 0.0000000000 3.2297425104 0.0000000000
0.6656656657 4.6481037193 0.0000000000 1.8753901612 0.0000000000 3.2244479760 0.0000000000
0.6666666667 4.6933333333 0.0000000000 1.8692155970 0.0000000000 3.2190214906 0.0000000000
0.6676676677 4.7377934090 0.0000000000 1.8629972494 0.0000000000 3.2134630542 0.0000000000
0.6686686687 4.7814839464 0.0000000000 1.8567351183 0.0000000000 3.2077726668 0.0000000000
0.6696696697 4.8244049455 0.0000000000 1.8504292037 0.0000000000 3.2019503283 0.0000000000
0.6706706707 4.8665564063 0.0000000000 1.8440795056 0.0000000000 3.1959960389 0.0000000000
0.6716716717 4.9079383287 0.0000000000 1.8376860241 0.0000000000 3.1899097984 0.0000000000
0.6726726727 4.9485507129 0.0000000000 1.8312487591 0.0000000000 3.1836916069 0.0000000000
0.6736736737 4.9883935587 0.0000000000 1.8247677107 0.0000000000 3.1773414644 0.0000000000
0.6746746747 5.0274668663 0.0000000000 1.8182428787 0.0000000000 3.1708593709 0.0000000000
0.6756756757 5.0657706355 0.0000000000 1.8116742633 0.0000000000 3.1642453264 0.0000000000
0.6766766767 5.1033048664 0.0000000000 1.8050618644 0.0000000000 3.1574993309 0.0000000000
0.6776776777 5.1400695590 0.0000000000 1.7984056821 0.0000000000 3.1506213843 0.0000000000
0.6786786787 5.1760647134 0.0000000000 1.7917057162 0.0000000000 3.1436114868 0.0000000000
0.6796796797 5.2112903294 0.0000000000 1.7849619669 0.0000000000 3.1364696382 0.0000000000
0.6806806807 5.2457464071 0.0000000000 1.7781744341 0.0000000000 3.1291958386 0.0000000000
0.6816816817 5.2794329465 0.0000000000 1.7713431179 0.0000000000 3.1217900880 0.0000000000
0.6826826827 5.3123499475 0.0000000000 1.7644680182 0.0000000000 3.1142523864 0.0000000000
0.6836836837 5.3444974103 0.0000000000 1.7575491350 0.0000000000 3.1065827338 0.0000000000
0.6846846847 5.3758753348 0.0000000000 1.7505864683 0.0000000000 3.0987811301 0.0000000000
0.6856856857 5.4064837210 0.0000000000 1.7435800182 0.0000000000 3.0908475755 0.0000000000
0.6866866867 5.4363225688 0.0000000000 1.7365297846 0.0000000000 3.0827820698 0.0000000000
0.6876876877 5.4653918784 0.0000000000 1.7294357675 0.0000000000 3.0745846132 0.0000000000
0.6886886887 5.4936916496 0.0000000000 1.7222979669 0.0000000000 3.0662552055 0.0000000000
0.6896896897 5.5212218825 0.0000000000 1.7151163829 0.0000000000 3.0577938468 0.0000000000
0.6906906907 5.5479825772 0.0000000000 1.7078910154 0.0000000000 3.0492005371 0.0000000000
0.6916916917 5.5739737335 0.0000000000 1.7006218645 0.0000000000 3.0404752763 0.0000000000
0.6926926927 5.5991953515 0.0000000000 1.6933089300 0.0000000000 3.0316180646 0.0000000000
0.6936936937 5.6236474312 0.0000000000 1.6859522121 0.0000000000 3.0226289018 0.0000000000
0.6946946947 5.6473299726 0.0000000000 1.6785517107 0.0000000000 3.0135077881 0.0000000000
0.6956956957 5.6702429757 0.0000000000 1.6711074259 0.0000000000 3.0042547233 0.0000000000
0.6966966967 5.6923864405 0.0000000000 1.6636193575 0.0000000000 2.9948697075 0.0000000000
0.6976976977 5.7137603670 0.0000000000 1.6560875057 0.0000000000 2.9853527407 0.0000000000
0.6986986987 5.7343647551 0.0000000000 1.6485118704 0.0000000000 2.9757038229 0.0000000000
0.6996996997 5.7541996050 0.0000000000 1.6408924517 0.0000000000 2.9659229541 0.0000000000
0.7007007007 5.7732649166 0.0000000000 1.6332292495 0.0000000000 2.9560101342 0.0000000000
0.7017017017 5.7915606898 0.0000000000 1.6255222638 0.0000000000 2.9459653634 0.0000000000
0.7027027027 5.8090869248 0.0000000000 1.6177714946 0.0000000000 2.9357886415 0.0000000000
0.7037037037 5.8258436214 0.0000000000 1.6099769420 0.0000000000 2.9254799686 0.0000000000
0.7047047047 5.8418307797 0.0000000000 1.6021386059 0.0000000000 2.9150393447 0.0000000000
0.7057057057 5.8570483998 0.0000000000 1.5942564863 0.0000000000 2.9044667698 0.0000000000
0.7067067067 5.8714964815 0.0000000000 1.5863305833 0.0000000000 2.8937622439 0.0000000000
0.7077077077 5.8851750249 0.0000000000 1.5783608967 0.0000000000 2.8829257670 0.0000000000
0.7087087087 5.8980840300 0.0000000000 1.5703474267 0.0000000000 2.8719573390 0.0000000000
0.7097097097 5.9102234968 0.0000000000 1.5622901733 0.0000000000 2.8608569601 0.0000000000
0.7107107107 5.9215934253 0.0000000000 1.5541891363 0.0000000000 2.8496246301 0.0000000000
0.7117117117 5.9321938154 0.0000000000 1.5460443159 0.0000000000 2.8382603491 0.0000000000
0.7127127127 5.9420246673 0.0000000000 1.5378557120 0.0000000000 2.8267641171 0.0000000000
0.7137137137 5.9510859809 0.0000000000 1.5296233247 0.0000000000 2.8151359341 0.0000000000
0.7147147147 5.9593777561 0.0000000000 1.5213471538 0.0000000000 2.8033758001 0.0000000000
0.7157157157 5.9668999931 0.0000000000 1.5130271995 0.0000000000 2.7914837150 0.0000000000
0.7167167167 5.9736526917 0.0000000000 1.5046634618 0.0000000000 2.7794596790 0.0000000000
0.7177177177 5.9796358521 0.0000000000 1.4962559405 0.0000000000 2.7673036919 0.0000000000
0.7187187187 5.9848494741 0.0000000000 1.4878046358 0.0000000000 2.7550157539 0.0000000000
0.7197197197 5.9892935578 0.0000000000 1.4793095476 0.0000000000 2.7425958648 0.0000000000
0.7207207207 5.9929681032 0.0000000000 1.4707706760 0.0000000000 2.7300440247 0.0000000000
0.7217217217 5.9958731103 0.0000000000 1.4621880208 0.0000000000 2.7173602336 0.0000000000
0.7227227227 5.9980085791 0.0000000000 1.4535615822 0.0000000000 2.7045444914 0.0000000000
0.7237237237 5.9993745096 0.0000000000 1.4448913601 0.0000000000 2.6915967983 0.0000000000
0.7247247247 5.9999709018 0.0000000000 1.4361773546 0.0000000000 2.6785171541 0.0000000000
0.7257257257 5.9997977557 0.0000000000 1.4274195656 0.0000000000 2.6653055590 0.0000000000
0.7267267267 5.9988550713 0.0000000000 1.4186179931 0.0000000000 2.6519620128 0.0000000000
0.7277277277 5.9971428486 0.0000000000 1.4097726371 0.0000000000 2.6384865156 0.0000000000
0.7287287287 5.9946610875 0.0000000000 1.4008834977 0.0000000000 2.6248790674 0.0000000000
0.7297297297 5.9914097882 0.0000000000 1.3919505747 0.0000000000 2.6111396682 0.0000000000
0.7307307307 5.9873889505 0.0000000000 1.3829738684 0.0000000000 2.5972683180 0.0000000000
0.7317317317 5.9825985746 0.0000000000 1.3739533785 0.0000000000 2.5832650167 0.0000000000
0.7327327327 5.9770386603 0.0000000000 1.3648891052 0.0000000000 2.5691297645 0.0000000000
0.7337337337 5.9707092077 0.0000000000 1.3557810484 0.0000000000 2.5548625612 0.0000000000
0.7347347347 5.9636102168 0.0000000000 1.3466292081 0.0000000000 2.5404634069 0.0000000000
0.7357357357 5.9557416876 0.0000000000 1.3374335844 0.0000000000 2.5259323016 0.0000000000
0.7367367367 5.9471036201 0.0000000000 1.3281941771 0.0000000000 2.5112692453 0.0000000000
0.7377377377 5.9376960143 0.0000000000 1.3189109864 0.0000000000 2.4964742380 0.0000000000
0.7387387387 5.9275188702 0.0000000000 1.3095840123 0.0000000000 2.4815472797 0.0000000000
0.7397397397 5.9165721878 0.0000000000 1.3002132547 0.0000000000 2.4664883703 0.0000000000
0.7407407407 5.9048559671 0.0000000000 1.2907987135 0.0000000000 2.4512975100 0.0000000000
0.7417417417 5.8923702080 0.0000000000 1.2813403890 0.0000000000 2.4359746986 0.0000000000
0.7427427427 5.8791149107 0.0000000000 1.2718382809 0.0000000000 2.4205199362 0.0000000000
0.7437437437 5.8650900751 0.0000000000 1.2622923894 0.0000000000 2.4049332228 0.0000000000
0.7447447447 5.8502957011 0.0000000000 1.2527027144 0.0000000000 2.3892145584 0.0000000000
0.7457457457 5.8347317888 0.0000000000 1.2430692559 0.0000000000 2.3733639430 0.0000000000
0.7467467467 5.8183983383 0.0000000000 1.2333920140 0.0000000000 2.3573813766 0.0000000000
0.7477477477 5.8012953494 0.0000000000 1.2236709886 0.0000000000 2.3412668591 0.0000000000
0.7487487487 5.7834228222 0.0000000000 1.2139061797 0.0000000000 2.3250203907 0.0000000000
0.7497497497 5.7647807567 0.0000000000 1.2040975873 0.0000000000 2.3086419712 0.0000000000
0.7507507508 5.7453691529 0.0000000000 1.1942452115 0.0000000000 2.2921316007 0.0000000000
0.7517517518 5.7251880108 0.0000000000 1.1843490522 0.0000000000 2.2754892792 0.0000000000
0.7527527528 5.7042373304 0.0000000000 1.1744091094 0.0000000000 2.2587150067 0.0000000000
0.7537537538 5.6825171117 0.0000000000 1.1644253832 0.0000000000 2.2418087832 0.0000000000
0.7547547548 5.6600273547 0.0000000000 1.1543978735 0.0000000000 2.2247706086 0.0000000000
0.7557557558 5.6367680594 0.0000000000 1.1443265803 0.0000000000 2.2076004831 0.0000000000
0.7567567568 5.6127392257 0.0000000000 1.1342115036 0.0000000000 2.1902984065 0.0000000000
0.7577577578 5.5879408538 0.0000000000 1.1240526435 0.0000000000 2.1728643789 0.0000000000
0.7587587588 5.5623729435 0.0000000000 1.1138499999 0.0000000000 2.1552984004 0.0000000000
0.7597597598 5.5360354950 0.0000000000 1.1036035728 0.0000000000 2.1376004707 0.0000000000
0.7607607608 5.5089285081 0.0000000000 1.0933133623 0.0000000000 2.1197705901 0.0000000000
0.7617617618 5.4810519829 0.0000000000 1.0829793682 0.0000000000 2.1018087585 0.0000000000
0.7627627628 5.4524059194 0.0000000000 1.0726015908 0.0000000000 2.0837149759 0.0000000000
0.7637637638 5.4229903176 0.0000000000 1.0621800298 0.0000000000 2.0654892422 0.0000000000
0.7647647648 5.3928051775 0.0000000000 1.0517146853 0.0000000000 2.0471315575 0.0000000000
0.7657657658 5.3618504991 0.0000000000 1.0412055574 0.0000000000 2.0286419219 0.0000000000
0.7667667668 5.3301262824 0.0000000000 1.0306526461 0.0000000000 2.0100203352 0.0000000000
0.7677677678 5.2976325274 0.0000000000 1.0200559512 0.0000000000 1.9912667975 0.0000000000
0.7687687688 5.2643692341 0.0000000000 1.0094154729 0.0000000000 1.9723813088 0.0000000000
0.7697697698 5.2303364025 0.0000000000 0.9987312111 0.0000000000 1.9533638690 0.0000000000
0.7707707708 5.1955340325 0.0000000000 0.9880031658 0.0000000000 1.9342144783 0.0000000000
0.7717717718 5.1599621243 0.0000000000 0.9772313371 0.0000000000 1.9149331365 0.0000000000
0.7727727728 5.1236206777 0.0000000000 0.9664157248 0.0000000000 1.8955198438 0.0000000000
0.7737737738 5.0865096929 0.0000000000 0.9555563292 0.0000000000 1.8759746000 0.0000000000
0.7747747748 5.0486291697 0.0000000000 0.9446531500 0.0000000000 1.8562974052 0.0000000000
0.7757757758 5.0099791082 0.0000000000 0.9337061874 0.0000000000 1.8364882594 0.0000000000
0.7767767768 4.9705595085 0.0000000000 0.9227154413 0.0000000000 1.8165471626 0.0000000000
0.7777777778 4.9303703704 0.0000000000 0.9116809117 0.0000000000 1.7964741147 0.0000000000
0.7787787788 4.8894116940 0.0000000000 0.9006025986 0.0000000000 1.7762691159 0.0000000000
0.7797797798 4.8476834793 0.0000000000 0.8894805021 0.0000000000 1.7559321660 0.0000000000
0.7807807808 4.8051857263 0.0000000000 0.8783146221 0.0000000000 1.7354632651 0.0000000000
0.7817817818 4.7619184350 0.0000000000 0.8671049587 0.0000000000 1.7148624133 0.0000000000
0.7827827828 4.7178816053 0.0000000000 0.8558515117 0.0000000000 1.6941296104 0.0000000000
0.7837837838 4.6730752374 0.0000000000 0.8445542813 0.0000000000 1.6732648564 0.0000000000
0.7847847848 4.6274993312 0.0000000000 0.8332132674 0.0000000000 1.6522681515 0.0000000000
0.7857857858 4.5811538866 0.0000000000 0.8218284701 0.0000000000 1.6311394956 0.0000000000
0.7867867868 4.5340389038 0.0000000000 0.8103998892 0.0000000000 1.6098788886 0.0000000000
0.7877877878 4.4861543826 0.0000000000 0.7989275249 0.0000000000 1.5884863307 0.0000000000
0.7887887888 4.4375003231 0.0000000000 0.7874113772 0.0000000000 1.5669618217 0.0000000000
0.7897897898 4.3880767254 0.0000000000 0.7758514459 0.0000000000 1.5453053617 0.0000000000
0.7907907908 4.3378835893 0.0000000000 0.7642477312 0.0000000000 1.5235169507 0.0000000000
0.7917917918 4.2869209149 0.0000000000 0.7526002330 0.0000000000 1.5015965887 0.0000000000
0.7927927928 4.2351887022 0.0000000000 0.7409089514 0.0000000000 1.4795442757 0.0000000000
0.7937937938 4.1826869512 0.0000000000 0.7291738862 0.0000000000 1.4573600116 0.0000000000
0.7947947948 4.1294156619 0.0000000000 0.7173950376 0.0000000000 1.4350437966 0.0000000000
0.7957957958 4.0753748343 0.0000000000 0.7055724056 0.0000000000 1.4125956305 0.0000000000
0.7967967968 4.0205644684 0.0000000000 0.6937059900 0.0000000000 1.3900155134 0.0000000000
0.7977977978 3.9649845641 0.0000000000 0.6817957910 0.0000000000 1.3673034453 0.0000000000
0.7987987988 3.9086351216 0.0000000000 0.6698418085 0.0000000000 1.3444594262 0.0000000000
0.7997997998 3.8515161408 0.0000000000 0.6578440425 0.0000000000 1.3214834561 0.0000000000
0.8008008008 3.7936276216 0.0000000000 0.6458024931 0.0000000000 1.2983755350 0.0000000000
0.8018018018 3.7349695642 0.0000000000 0.6337171602 0.0000000000 1.2751356629 0.0000000000
0.8028028028 3.6755419684 0.0000000000 0.6215880438 0.0000000000 1.2517638397 0.0000000000
0.8038038038 3.6153448343 0.0000000000 0.6094151439 0.0000000000 1.2282600655 0.0000000000
0.8048048048 3.5543781619 0.0000000000 0.5971984606 0.0000000000 1.2046243404 0.0000000000
0.8058058058 3.4926419513 0.0000000000 0.5849379938 0.0000000000 1.1808566642 0.0000000000
0.8068068068 3.4301362023 0.0000000000 0.5726337436 0.0000000000 1.1569570370 0.0000000000
0.8078078078 3.3668609150 0.0000000000 0.5602857098 0.0000000000 1.1329254587 0.0000000000
0.8088088088 3.3028160894 0.0000000000 0.5478938926 0.0000000000 1.1087619295 0.0000000000
0.8098098098 3.2380017254 0.0000000000 0.5354582919 0.0000000000 1.0844664493 0.0000000000
0.8108108108 3.1724178232 0.0000000000 0.5229789078 0.0000000000 1.0600390180 0.0000000000
0.8118118118 3.1060643827 0.0000000000 0.5104557401 0.0000000000 1.0354796357 0.0000000000
0.8128128128 3.0389414039 0.0000000000 0.4978887890 0.0000000000 1.0107883024 0.0000000000
0.8138138138 2.9710488867 0.0000000000 0.4852780544 0.0000000000 0.9859650181 0.0000000000
0.8148148148 2.9023868313 0.0000000000 0.4726235364 0.0000000000 0.9610097828 0.0000000000
0.8158158158 2.8329552375 0.0000000000 0.4599252349 0.0000000000 0.9359225965 0.0000000000
0.8168168168 2.7627541055 0.0000000000 0.4471831499 0.0000000000 0.9107034592 0.0000000000
0.8178178178 2.6917834351 0.0000000000 0.4343972814 0.0000000000 0.8853523708 0.0000000000
0.8188188188 2.6200432264 0.0000000000 0.4215676295 0.0000000000 0.8598693315 0.0000000000
0.8198198198 2.5475334794 0.0000000000 0.4086941941 0.0000000000 0.8342543411 0.0000000000
0.8208208208 2.4742541941 0.0000000000 0.3957769752 0.0000000000 0.8085073997 0.0000000000
0.8218218218 2.4002053705 0.0000000000 0.3828159728 0.0000000000 0.7826285073 0.0000000000
0.8228228228 2.3253870086 0.0000000000 0.3698111870 0.0000000000 0.7566176639 0.0000000000
0.8238238238 2.2497991084 0.0000000000 0.3567626177 0.0000000000 0.7304748695 0.0000000000
0.8248248248 2.1734416699 0.0000000000 0.3436702650 0.0000000000 0.7042001240 0.0000000000
0.8258258258 2.0963146931 0.0000000000 0.3305341287 0.0000000000 0.6777934276 0.0000000000
0.8268268268 2.0184181779 0.0000000000 0.3173542090 0.0000000000 0.6512547801 0.0000000000
0.8278278278 1.9397521245 0.0000000000 0.3041305058 0.0000000000 0.6245841816 0.0000000000
0.8288288288 1.8603165327 0.0000000000 0.2908630192 0.0000000000 0.5977816321 0.0000000000
0.8298298298 1.7801114027 0.0000000000 0.2775517490 0.0000000000 0.5708471316 0.0000000000
0.8308308308 1.6991367343 0.0000000000 0.2641966954 0.0000000000 0.5437806801 0.0000000000
0.8318318318 1.6173925277 0.0000000000 0.2507978583 0.0000000000 0.5165822776 0.0000000000
0.8328328328 1.5348787827 0.0000000000 0.2373552378 0.0000000000 0.4892519241 0.0000000000
0.8338338338 1.4515954994 0.0000000000 0.2238688338 0.0000000000 0.4617896195 0.0000000000
0.8348348348 1.3675426778 0.0000000000 0.2103386463 0.0000000000 0.4341953639 0.0000000000
0.8358358358 1.2827203179 0.0000000000 0.1967646753 0.0000000000 0.4064691574 0.0000000000
0.8368368368 1.1971284197 0.0000000000 0.1831469209 0.0000000000 0.3786109998 0.0000000000
0.8378378378 1.1107669832 0.0000000000 0.1694853830 0.0000000000 0.3506208912 0.0000000000
0.8388388388 1.0236360084 0.0000000000 0.1557800616 0.0000000000 0.3224988315 0.0000000000
0.8398398398 0.9357354953 0.0000000000 0.1420309568 0.0000000000 0.2942448209 0.0000000000
0.8408408408 0.8470654438 0.0000000000 0.1282380684 0.0000000000 0.2658588593 0.0000000000
0.8418418418 0.7576258541 0.0000000000 0.1144013966 0.0000000000 0.2373409466 0.0000000000
0.8428428428 0.6674167260 0.0000000000 0.1005209414 0.0000000000 0.2086910829 0.0000000000
0.8438438438 0.5764380597 0.0000000000 0.0865967026 0.0000000000 0.1799092683 0.0000000000
0.8448448448 0.4846898550 0.0000000000 0.0726286804 0.0000000000 0.1509955026 0.0000000000
0.8458458458 0.3921721121 0.0000000000 0.0586168747 0.0000000000 0.1219497859 0.0000000000
0.8468468468 0.2988848308 0.0000000000 0.0445612856 0.0000000000 0.0927721181 0.0000000000
0.8478478478 0.2048280112 0.0000000000 0.0304619129 0.0000000000 0.0634624994 0.0000000000
0.8488488488 0.1100016533 0.0000000000 0.0163187568 0.0000000000 0.0340209296 0.0000000000
0.8498498498 0.0144057571 0.0000000000 0.0021318173 0.0000000000 0.0044474089 0.0000000000
0.8508508509 0.0000000000 0.0000000000 0.0000000000 0.0000000000 0.0000000000 0.0000000000
0.8518518519 0.0000000000 0.0000000000 0.0000000000 0.0000000000 0.0000000000 0.0000000000
0.8528528529 0.0000000000 0.0000000000 0.0000000000 0.0000000000 0.0000000000 0.0000000000
0.8538538539 0.0000000000 0.0000000000 0.0000000000 0.0000000000 0.0000000000 0.0000000000
0.8548548549 0.0000000000 0.0000000000 0.0000000000 0.0000000000 0.0000000000 0.0000000000
0.8558558559 0.0000000000 0.0000000000 0.0000000000 0.0000000000 0.0000000000 0.0000000000
0.8568568569 0.0000000000 0.0000000000 0.0000000000 0.0000000000 0.0000000000 0.0000000000
0.8578578579 0.0000000000 0.0000000000 0.0000000000 0.0000000000 0.0000000000 0.0000000000
0.8588588589 0.0000000000 0.0000000000 0.0000000000 0.0000000000 0.0000000000 0.0000000000
0.8598598599 0.0000000000 0.0000000000 0.0000000000 0.0000000000 0.0000000000 0.0000000000
0.8608608609 0.0000000000 0.0000000000 0.0000000000 0.0000000000 0.0000000000 0.0000000000
0.8618618619 0.0000000000 0.0000000000 0.0000000000 0.0000000000 0.0000000000 0.0000000000
0.8628628629 0.0000000000 0.0000000000 0.0000000000 0.0000000000 0.0000000000 0.0000000000
0.8638638639 0.0000000000 0.0000000000 0.0000000000 0.0000000000 0.0000000000 0.0000000000
0.8648648649 0.0000000000 0.0000000000 0.0000000000 0.0000000000 0.0000000000 0.0000000000
0.8658658659 0.0000000000 0.0000000000 0.0000000000 0.0000000000 0.0000000000 0.0000000000
0.8668668669 0.0000000000 0.0000000000 0.0000000000 0.0000000000 0.0000000000 0.0000000000
0.8678678679 0.0000000000 0.0000000000 0.0000000000 0.0000000000 0.0000000000 0.0000000000
0.8688688689 0.0000000000 0.0000000000 0.0000000000 0.0000000000 0.0000000000 0.0000000000
0.8698698699 0.0000000000 0.0000000000 0.0000000000 0.0000000000 0.0000000000 0.0000000000
0.8708708709 0.0000000000 0.0000000000 0.0000000000 0.0000000000 0.0000000000 0.0000000000
0.8718718719 0.0000000000 0.0000000000 0.0000000000 0.0000000000 0.0000000000 0.0000000000
0.8728728729 0.0000000000 0.0000000000 0.0000000000 0.0000000000 0.0000000000 0.0000000000
0.8738738739 0.0000000000 0.0000000000 0.0000000000 0.0000000000 0.0000000000 0.0000000000
0.8748748749 0.0000000000 0.0000000000 0.0000000000 0.0000000000 0.0000000000 0.0000000000
0.8758758759 0.0000000000 0.0000000000 0.0000000000 0.0000000000 0.0000000000 0.0000000000
0.8768768769 0.0000000000 0.0000000000 0.0000000000 0.0000000000 0.0000000000 0.0000000000
0.8778778779 0.0000000000 0.0000000000 0.0000000000 0.0000000000 0.0000000000 0.0000000000
0.8788788789 0.0000000000 0.0000000000 0.0000000000 0.0000000000 0.0000000000 0.0000000000
0.8798798799 0.0000000000 0.0000000000 0.0000000000 0.0000000000 0.0000000000 0.0000000000
0.8808808809 0.0000000000 0.0000000000 0.0000000000 0.0000000000 0.0000000000 0.0000000000
0.8818818819 0.0000000000 0.0000000000 0.0000000000 0.0000000000 0.0000000000 0.0000000000
0.8828828829 0.0000000000 0.0000000000 0.0000000000 0.0000000000 0.0000000000 0.0000000000
0.8838838839 0.0000000000 0.0000000000 0.0000000000 0.0000000000 0.0000000000 0.0000000000
0.8848848849 0.0000000000 0.0000000000 0.0000000000 0.0000000000 0.0000000000 0.0000000000
0.8858858859 0.0000000000 0.0000000000 0.0000000000 0.0000000000 0.0000000000 0.0000000000
0.8868868869 0.0000000000 0.0000000000 0.0000000000 0.0000000000 0.0000000000 0.0000000000
0.8878878879 0.0000000000 0.0000000000 0.0000000000 0.0000000000 0.0000000000 0.0000000000
0.8888888889 0.0000000000 0.0000000000 0.0000000000 0.0000000000 0.0000000000 0.0000000000
0.8898898899 0.0000000000 0.0000000000 0.0000000000 0.0000000000 0.0000000000 0.0000000000
0.8908908909 0.0000000000 0.0000000000 0.0000000000 0.0000000000 0.0000000000 0.0000000000
0.8918918919 0.0000000000 0.0000000000 0.0000000000 0.0000000000 0.0000000000 0.0000000000
0.8928928929 0.0000000000 0.0000000000 0.0000000000 0.0000000000 0.0000000000 0.0000000000
0.8938938939 0.0000000000 0.0000000000 0.0000000000 0.0000000000 0.0000000000 0.0000000000
0.8948948949 0.0000000000 0.0000000000 0.0000000000 0.0000000000 0.0000000000 0.0000000000
0.8958958959 0.0000000000 0.0000000000 0.0000000000 0.0000000000 0.0000000000 0.0000000000
0.8968968969 0.0000000000 0.0000000000 0.0000000000 0.0000000000 0.0000000000 0.0000000000
0.8978978979 0.0000000000 0.0000000000 0.0000000000 0.0000000000 0.0000000000 0.0000000000
0.8988988989 0.0000000000 0.0000000000 0.0000000000 0.0000000000 0.0000000000 0.0000000000
0.8998998999 0.0000000000 0.0000000000 0.0000000000 0.0000000000 0.0000000000 0.0000000000
0.9009009009 0.0000000000 0.0000000000 0.0000000000 0.0000000000 0.0000000000 0.0000000000
0.9019019019 0.0000000000 0.0000000000 0.0000000000 0.0000000000 0.0000000000 0.0000000000
0.9029029029 0.0000000000 0.0000000000 0.0000000000 0.0000000000 0.0000000000 0.0000000000
0.9039039039 0.0000000000 0.0000000000 0.0000000000 0.0000000000 0.0000000000 0.0000000000
0.9049049049 0.0000000000 0.0000000000 0.0000000000 0.0000000000 0.0000000000 0.0000000000
0.9059059059 0.0000000000 0.0000000000 0.0000000000 0.0000000000 0.0000000000 0.0000000000
0.9069069069 0.0000000000 0.0000000000 0.0000000000 0.0000000000 0.0000000000 0.0000000000
0.9079079079 0.0000000000 0.0000000000 0.0000000000 0.0000000000 0.0000000000 0.0000000000
0.9089089089 0.0000000000 0.0000000000 0.0000000000 0.0000000000 0.0000000000 0.0000000000
0.9099099099 0.0000000000 0.0000000000 0.0000000000 0.0000000000 0.0000000000 0.0000000000
0.9109109109 0.0000000000 0.0000000000 0.0000000000 0.0000000000 0.0000000000 0.0000000000
0.9119119119 0.0000000000 0.0000000000 0.0000000000 0.0000000000 0.0000000000 0.0000000000
0.9129129129 0.0000000000 0.0000000000 0.0000000000 0.0000000000 0.0000000000 0.0000000000
0.9139139139 0.0000000000 0.0000000000 0.0000000000 0.0000000000 0.0000000000 0.0000000000
0.9149149149 0.0000000000 0.0000000000 0.0000000000 0.0000000000 0.0000000000 0.0000000000
0.9159159159 0.0000000000 0.0000000000 0.0000000000 0.0000000000 0.0000000000 0.0000000000
0.9169169169 0.0000000000 0.0000000000 0.0000000000 0.0000000000 0.0000000000 0.0000000000
0.9179179179 0.0000000000 0.0000000000 0.0000000000 0.0000000000 0.0000000000 0.0000000000
0.9189189189 0.0000000000 0.0000000000 0.0000000000 0.0000000000 0.0000000000 0.0000000000
0.9199199199 0.0000000000 0.0000000000 0.0000000000 0.0000000000 0.0000000000 0.0000000000
0.9209209209 0.0000000000 0.0000000000 0.0000000000 0.0000000000 0.0000000000 0.0000000000
0.9219219219 0.0000000000 0.0000000000 0.0000000000 0.0000000000 0.0000000000 0.0000000000
0.9229229229 0.0000000000 0.0000000000 0.0000000000 0.0000000000 0.0000000000 0.0000000000
0.9239239239 0.0000000000 0.0000000000 0.0000000000 0.0000000000 0.0000000000 0.0000000000
0.9249249249 0.0000000000 0.0000000000 0.0000000000 0.0000000000 0.0000000000 0.0000000000
0.9259259259 0.0000000000 0.0000000000 0.0000000000 0.0000000000 0.0000000000 0.0000000000
0.9269269269 0.0000000000 0.0000000000 0.0000000000 0.0000000000 0.0000000000 0.0000000000
0.9279279279 0.0000000000 0.0000000000 0.0000000000 0.0000000000 0.0000000000 0.0000000000
0.9289289289 0.0000000000 0.0000000000 0.0000000000 0.0000000000 0.0000000000 0.0000000000
0.9299299299 0.0000000000 0.0000000000 0.0000000000 0.0000000000 0.0000000000 0.0000000000
0.9309309309 0.0000000000 0.0000000000 0.0000000000 0.0000000000 0.0000000000 0.0000000000
0.9319319319 0.0000000000 0.0000000000 0.0000000000 0.0000000000 0.0000000000 0.0000000000
0.9329329329 0.0000000000 0.0000000000 0.0000000000 0.0000000000 0.0000000000 0.0000000000
0.9339339339 0.0000000000 0.0000000000 0.0000000000 0.0000000000 0.0000000000 0.0000000000
0.9349349349 0.0000000000 0.0000000000 0.0000000000 0.0000000000 0.0000000000 0.0000000000
0.9359359359 0.0000000000 0.0000000000 0.0000000000 0.0000000000 0.0000000000 0.0000000000
0.9369369369 0.0000000000 0.0000000000 0.0000000000 0.0000000000 0.0000000000 0.0000000000
0.9379379379 0.0000000000 0.0000000000 0.0000000000 0.0000000000 0.0000000000 0.0000000000
0.9389389389 0.0000000000 0.0000000000 0.0000000000 0.0000000000 0.0000000000 0.0000000000
0.9399399399 0.0000000000 0.0000000000 0.0000000000 0.0000000000 0.0000000000 0.0000000000
0.9409409409 0.0000000000 0.0000000000 0.0000000000 0.0000000000 0.0000000000 0.0000000000
0.9419419419 0.0000000000 0.0000000000 0.0000000000 0.0000000000 0.0000000000 0.0000000000
0.9429429429 0.0000000000 0.0000000000 0.0000000000 0.0000000000 0.0000000000 0.0000000000
0.9439439439 0.0000000000 0.0000000000 0.0000000000 0.0000000000 0.0000000000 0.0000000000
0.9449449449 0.0000000000 0.0000000000 0.0000000000 0.0000000000 0.0000000000 0.0000000000
0.9459459459 0.0000000000 0.0000000000 0.0000000000 0.0000000000 0.0000000000 0.0000000000
0.9469469469 0.0000000000 0.0000000000 0.0000000000 0.0000000000 0.0000000000 0.0000000000
0.9479479479 0.0000000000 0.0000000000 0.0000000000 0.0000000000 0.0000000000 0.0000000000
0.9489489489 0.0000000000 0.0000000000 0.0000000000 0.0000000000 0.0000000000 0.0000000000
0.9499499499 0.0000000000 0.0000000000 0.0000000000 0.0000000000 0.0000000000 0.0000000000
0.9509509510 0.0000000000 0.0000000000 0.0000000000 0.0000000000 0.0000000000 0.0000000000
0.9519519520 0.0000000000 0.0000000000 0.0000000000 0.0000000000 0.0000000000 0.0000000000
0.9529529530 0.0000000000 0.0000000000 0.0000000000 0.0000000000 0.0000000000 0.0000000000
0.9539539540 0.0000000000 0.0000000000 0.0000000000 0.0000000000 0.0000000000 0.0000000000
0.9549549550 0.0000000000 0.0000000000 0.0000000000 0.0000000000 0.0000000000 0.0000000000
0.9559559560 0.0000000000 0.0000000000 0.0000000000 0.0000000000 0.0000000000 0.0000000000
0.9569569570 0.0000000000 0.0000000000 0.0000000000 0.0000000000 0.0000000000 0.0000000000
0.9579579580 0.0000000000 0.0000000000 0.0000000000 0.0000000000 0.0000000000 0.0000000000
0.9589589590 0.0000000000 0.0000000000 0.0000000000 0.0000000000 0.0000000000 0.0000000000
0.9599599600 0.0000000000 0.0000000000 0.0000000000 0.0000000000 0.0000000000 0.0000000000
0.9609609610 0.0000000000 0.0000000000 0.0000000000 0.0000000000 0.0000000000 0.0000000000
0.9619619620 0.0000000000 0.0000000000 0.0000000000 0.0000000000 0.0000000000 0.0000000000
0.9629629630 0.0000000000 0.0000000000 0.0000000000 0.0000000000 0.0000000000 0.0000000000
0.9639639640 0.0000000000 0.0000000000 0.0000000000 0.0000000000 0.0000000000 0.0000000000
0.9649649650 0.0000000000 0.0000000000 0.0000000000 0.0000000000 0.0000000000 0.0000000000
0.9659659660 0.0000000000 0.0000000000 0.0000000000 0.0000000000 0.0000000000 0.0000000000
0.9669669670 0.0000000000 0.0000000000 0.0000000000 0.0000000000 0.0000000000 0.0000000000
0.9679679680 0.0000000000 0.0000000000 0.0000000000 0.0000000000 0.0000000000 0.0000000000
0.9689689690 0.0000000000 0.0000000000 0.0000000000 0.0000000000 0.0000000000 0.0000000000
0.9699699700 0.0000000000 0.0000000000 0.0000000000 0.0000000000 0.0000000000 0.0000000000
0.9709709710 0.0000000000 0.0000000000 0.0000000000 0.0000000000 0.0000000000 0.0000000000
0.9719719720 0.0000000000 0.0000000000 0.0000000000 0.0000000000 0.0000000000 0.0000000000
0.9729729730 0.0000000000 0.0000000000 0.0000000000 0.0000000000 0.0000000000 0.0000000000
0.9739739740 0.0000000000 0.0000000000 0.0000000000 0.0000000000 0.0000000000 0.0000000000
0.9749749750 0.0000000000 0.0000000000 0.0000000000 0.0000000000 0.0000000000 0.0000000000
0.9759759760 0.0000000000 0.0000000000 0.0000000000 0.0000000000 0.0000000000 0.0000000000
0.9769769770 0.0000000000 0.0000000000 0.0000000000 0.0000000000 0.0000000000 0.0000000000
0.9779779780 0.0000000000 0.0000000000 0.0000000000 0.0000000000 0.0000000000 0.0000000000
0.9789789790 0.0000000000 0.0000000000 0.0000000000 0.0000000000 0.0000000000 0.0000000000
0.9799799800 0.0000000000 0.0000000000 0.0000000000 0.0000000000 0.0000000000 0.0000000000
0.9809809810 0.0000000000 0.0000000000 0.0000000000 0.0000000000 0.0000000000 0.0000000000
0.9819819820 0.0000000000 0.0000000000 0.0000000000 0.0000000000 0.0000000000 0.0000000000
0.9829829830 0.0000000000 0.0000000000 0.0000000000 0.0000000000 0.0000000000 0.0000000000
0.9839839840 0.0000000000 0.0000000000 0.0000000000 0.0000000000 0.0000000000 0.0000000000
0.9849849850 0.0000000000 0.0000000000 0.0000000000 0.0000000000 0.0000000000 0.0000000000
0.9859859860 0.0000000000 0.0000000000 0.0000000000 0.0000000000 0.0000000000 0.0000000000
0.9869869870 0.0000000000 0.0000000000 0.0000000000 0.0000000000 0.0000000000 0.0000000000
0.9879879880 0.0000000000 0.0000000000 0.0000000000 0.0000000000 0.0000000000 0.0000000000
0.9889889890 0.0000000000 0.0000000000 0.0000000000 0.0000000000 0.0000000000 0.0000000000
0.9899899900 0.0000000000 0.0000000000 0.0000000000 0.0000000000 0.0000000000 0.0000000000
0.9909909910 0.0000000000 0.0000000000 0.0000000000 0.0000000000 0.0000000000 0.0000000000
0.9919919920 0.0000000000 0.0000000000 0.0000000000 0.0000000000 0.0000000000 0.0000000000
0.9929929930 0.0000000000 0.0000000000 0.0000000000 0.0000000000 0.0000000000 0.0000000000
0.9939939940 0.0000000000 0.0000000000 0.0000000000 0.0000000000 0.0000000000 0.0000000000
0.9949949950 0.0000000000 0.0000000000 0.0000000000 0.0000000000 0.0000000000 0.0000000000
0.9959959960 0.0000000000 0.0000000000 0.0000000000 0.0000000000 0.0000000000 0.0000000000
0.9969969970 0.0000000000 0.0000000000 0.0000000000 0.0000000000 0.0000000000 0.0000000000
0.9979979980 0.0000000000 0.0000000000 0.0000000000 0.0000000000 0.0000000000 0.0000000000
0.9989989990 0.0000000000 0.0000000000 0.0000000000 0.0000000000 0.0000000000 0.0000000000
1.0000000000 0.0000000000 0.0000000000 0.0000000000 0.0000000000 0.0000000000 0.0000000000
