T P_and P_or
1.000000 0.800000 0.000000
1.100000 0.800000 0.000000
1.200000 0.800000 0.000000
1.300000 0.800000 0.000000
1.400000 0.800000 0.000000
1.500000 0.800000 0.000000
1.600000 0.800000 0.000000
1.700000 0.800000 0.000000
1.800000 0.800000 0.000000
1.900000 0.800000 0.000000
2.000000 0.800000 0.000000
2.100000 0.800000 0.000000
2.200000 0.800000 0.000000
2.300000 0.800000 0.000000
2.400000 0.800000 0.000000
2.500000 0.800000 0.000000
2.600000 0.800000 0.000000
2.700000 0.800000 0.000000
2.800000 0.800000 0.000000
2.900000 0.800000 0.000000
3.000000 0.800000 0.000000
3.100000 0.800000 0.000000
3.200000 0.800000 0.000000
3.300000 0.800000 0.000000
3.400000 0.800000 0.000000
3.500000 0.800000 0.000000
3.600000 0.800000 0.000000
3.700000 0.800000 0.000000
3.800000 0.800000 0.000000
3.900000 0.800000 0.000000
4.000000 0.800000 0.000000
4.100000 0.800000 0.000000
4.200000 0.800000 0.000000
4.300000 0.800000 0.000000
4.400000 0.800000 0.000000
4.500000 0.800000 0.000000
4.600000 0.800000 0.000000
4.700000 0.800000 0.000000
4.800000 0.800000 0.000000
4.900000 0.800000 0.000000
5.000000 0.800000 0.000000
5.100000 0.800000 0.000000
5.200000 0.800000 0.000000
5.300000 0.800000 0.000000
5.400000 0.800000 0.000000
5.500000 0.800000 0.000000
5.600000 0.800000 0.000000
5.700000 0.800000 0.000000
5.800000 0.800000 0.000000
5.900000 0.800000 0.000000
6.000000 0.800000 0.000000
6.100000 0.800000 0.000001
6.200000 0.800001 0.000004
6.300000 0.800002 0.000012
6.400000 0.800006 0.000031
6.500000 0.800013 0.000073
6.600000 0.800028 0.000158
6.700000 0.800056 0.000314
6.800000 0.800103 0.000574
6.900000 0.800174 0.000972
7.000000 0.800274 0.001532
7.100000 0.800404 0.002264
7.200000 0.800564 0.003159
7.300000 0.800748 0.004191
7.400000 0.800951 0.005328
7.500000 0.801167 0.006535
7.600000 0.801390 0.007785
7.700000 0.801617 0.009058
7.800000 0.801847 0.010343
7.900000 0.802077 0.011632
8.000000 0.802308 0.012923
8.100000 0.802538 0.014215
8.200000 0.802769 0.015508
8.300000 0.803000 0.016800
8.400000 0.803231 0.018092
8.500000 0.803462 0.019385
8.600000 0.803692 0.020677
8.700000 0.803923 0.021969
8.800000 0.804154 0.023262
8.900000 0.804385 0.024554
9.000000 0.804615 0.025846
9.100000 0.804846 0.027138
9.200000 0.805077 0.028431
9.300000 0.805308 0.029723
9.400000 0.805538 0.031015
9.500000 0.805769 0.032308
9.600000 0.806000 0.033600
9.700000 0.806231 0.034892
9.800000 0.806462 0.036185
9.900000 0.806692 0.037477
10.000000 0.806923 0.038769
10.100000 0.807154 0.040062
10.200000 0.807385 0.041354
10.300000 0.807615 0.042646
10.400000 0.807846 0.043938
10.500000 0.808077 0.045231
10.600000 0.808308 0.046523
10.700000 0.808538 0.047815
10.800000 0.808769 0.049108
10.900000 0.809000 0.050400
11.000000 0.809231 0.051692
11.100000 0.809462 0.052985
11.200000 0.809692 0.054277
11.300000 0.809923 0.055569
11.400000 0.810154 0.056862
11.500000 0.810385 0.058154
11.600000 0.810615 0.059446
11.700000 0.810846 0.060738
11.800000 0.811077 0.062031
11.900000 0.811308 0.063323
12.000000 0.811538 0.064615
12.100000 0.811769 0.065908
12.200000 0.812000 0.067200
12.300000 0.812231 0.068492
12.400000 0.812462 0.069785
12.500000 0.812692 0.071077
12.600000 0.812923 0.072369
12.700000 0.813154 0.073662
12.800000 0.813385 0.074954
12.900000 0.813615 0.076246
13.000000 0.813846 0.077538
13.100000 0.814077 0.078831
13.200000 0.814308 0.080123
13.300000 0.814538 0.081415
13.400000 0.814769 0.082708
13.500000 0.815000 0.084000
13.600000 0.815231 0.085292
13.700000 0.815462 0.086585
13.800000 0.815692 0.087877
13.900000 0.815923 0.089169
14.000000 0.816154 0.090462
14.100000 0.816385 0.091754
14.200000 0.816615 0.093046
14.300000 0.816846 0.094338
14.400000 0.817077 0.095631
14.500000 0.817308 0.096923
14.600000 0.817538 0.098215
14.700000 0.817769 0.099508
14.800000 0.818000 0.100800
14.900000 0.818231 0.102092
15.000000 0.818462 0.103385
15.100000 0.818692 0.104677
15.200000 0.818923 0.105969
15.300000 0.819154 0.107262
15.400000 0.819385 0.108554
15.500000 0.819615 0.109846
15.600000 0.819846 0.111138
15.700000 0.820077 0.112431
15.800000 0.820308 0.113723
15.900000 0.820538 0.115015
16.000000 0.820769 0.116308
16.100000 0.821000 0.117600
16.200000 0.821231 0.118892
16.300000 0.821462 0.120185
16.400000 0.821692 0.121477
16.500000 0.821923 0.122769
16.600000 0.822154 0.124062
16.700000 0.822385 0.125354
16.800000 0.822615 0.126646
16.900000 0.822846 0.127938
17.000000 0.823077 0.129231
17.100000 0.823308 0.130523
17.200000 0.823538 0.131815
17.300000 0.823769 0.133108
17.400000 0.824000 0.134400
17.500000 0.824231 0.135692
17.600000 0.824462 0.136985
17.700000 0.824692 0.138277
17.800000 0.824923 0.139569
17.900000 0.825154 0.140862
18.000000 0.825385 0.142154
18.100000 0.825615 0.143446
18.200000 0.825846 0.144738
18.300000 0.826077 0.146031
18.400000 0.826308 0.147323
18.500000 0.826538 0.148615
18.600000 0.826769 0.149908
18.700000 0.827000 0.151200
18.800000 0.827231 0.152492
18.900000 0.827462 0.153785
19.000000 0.827692 0.155077
19.100000 0.827923 0.156369
19.200000 0.828154 0.157662
19.300000 0.828385 0.158954
19.400000 0.828615 0.160246
19.500000 0.828846 0.161538
19.600000 0.829077 0.162831
19.700000 0.829308 0.164123
19.800000 0.829538 0.165415
19.900000 0.829769 0.166708
20.000000 0.830000 0.168000
20.100000 0.830231 0.169292
20.200000 0.830462 0.170585
20.300000 0.830692 0.171877
20.400000 0.830923 0.173169
20.500000 0.831154 0.174462
20.600000 0.831385 0.175754
20.700000 0.831615 0.177046
20.800000 0.831846 0.178338
20.900000 0.832077 0.179631
21.000000 0.832308 0.180923
21.100000 0.832538 0.182215
21.200000 0.832769 0.183508
21.300000 0.833000 0.184800
21.400000 0.833231 0.186092
21.500000 0.833462 0.187385
21.600000 0.833692 0.188677
21.700000 0.833923 0.189969
21.800000 0.834154 0.191262
21.900000 0.834385 0.192554
22.000000 0.834615 0.193846
22.100000 0.834846 0.195138
22.200000 0.835077 0.196431
22.300000 0.835308 0.197724
22.400000 0.835539 0.199017
22.500000 0.835770 0.200313
22.600000 0.836002 0.201612
22.700000 0.836236 0.202920
22.800000 0.836472 0.204244
22.900000 0.836713 0.205594
23.000000 0.836961 0.206983
23.100000 0.837219 0.208429
23.200000 0.837491 0.209947
23.300000 0.837778 0.211556
23.400000 0.838083 0.213267
23.500000 0.838409 0.215092
23.600000 0.838757 0.217038
23.700000 0.839127 0.219109
23.800000 0.839519 0.221307
23.900000 0.839935 0.223633
24.000000 0.840373 0.226089
24.100000 0.840835 0.228674
24.200000 0.841319 0.231387
24.300000 0.841827 0.234230
24.400000 0.842357 0.237202
24.500000 0.842911 0.240302
24.600000 0.843487 0.243529
24.700000 0.844086 0.246881
24.800000 0.844706 0.250355
24.900000 0.845347 0.253944
25.000000 0.846008 0.257643
25.100000 0.846686 0.261444
25.200000 0.847382 0.265337
25.300000 0.848092 0.269314
25.400000 0.848816 0.273369
25.500000 0.849553 0.277497
25.600000 0.850302 0.281693
25.700000 0.851064 0.285956
25.800000 0.851837 0.290285
25.900000 0.852621 0.294678
26.000000 0.853417 0.299137
26.100000 0.854225 0.303660
26.200000 0.855044 0.308248
26.300000 0.855875 0.312900
26.400000 0.856717 0.317617
26.500000 0.857571 0.322398
26.600000 0.858437 0.327244
26.700000 0.859313 0.332155
26.800000 0.860202 0.337131
26.900000 0.861102 0.342171
27.000000 0.862013 0.347275
27.100000 0.862937 0.352444
27.200000 0.863871 0.357678
27.300000 0.864817 0.362977
27.400000 0.865775 0.368340
27.500000 0.866744 0.373768
27.600000 0.867725 0.379260
27.700000 0.868717 0.384817
27.800000 0.869721 0.390438
27.900000 0.870737 0.396124
28.000000 0.871763 0.401875
28.100000 0.872802 0.407691
28.200000 0.873852 0.413570
28.300000 0.874913 0.419514
28.400000 0.875986 0.425521
28.500000 0.877069 0.431589
28.600000 0.878163 0.437712
28.700000 0.879265 0.443884
28.800000 0.880373 0.450089
28.900000 0.881483 0.456306
29.000000 0.882591 0.462509
29.100000 0.883690 0.468664
29.200000 0.884774 0.474737
29.300000 0.885839 0.480696
29.400000 0.886877 0.486513
29.500000 0.887887 0.492168
29.600000 0.888865 0.497646
29.700000 0.889810 0.502938
29.800000 0.890721 0.508040
29.900000 0.891598 0.512950
30.000000 0.892438 0.517667
30.100000 0.893239 0.522190
30.200000 0.893995 0.526518
30.300000 0.894691 0.530653
30.400000 0.895302 0.534594
30.500000 0.895782 0.538341
30.600000 0.896073 0.541896
30.700000 0.896098 0.545262
30.800000 0.895786 0.548450
30.900000 0.895084 0.551471
31.000000 0.893973 0.554347
31.100000 0.892479 0.557102
31.200000 0.890660 0.559763
31.300000 0.888596 0.562357
31.400000 0.886365 0.564907
31.500000 0.884031 0.567429
31.600000 0.881640 0.569937
31.700000 0.879220 0.572436
31.800000 0.876785 0.574932
31.900000 0.874343 0.577426
32.000000 0.871896 0.579918
32.100000 0.869446 0.582409
32.200000 0.866993 0.584900
32.300000 0.864537 0.587389
32.400000 0.862077 0.589878
32.500000 0.859615 0.592366
32.600000 0.857150 0.594853
32.700000 0.854682 0.597338
32.800000 0.852211 0.599821
32.900000 0.849736 0.602302
33.000000 0.847258 0.604778
33.100000 0.844776 0.607248
33.200000 0.842290 0.609712
33.300000 0.839800 0.612168
33.400000 0.837305 0.614614
33.500000 0.834807 0.617050
33.600000 0.832303 0.619475
33.700000 0.829795 0.621890
33.800000 0.827283 0.624292
33.900000 0.824765 0.626684
34.000000 0.822244 0.629064
34.100000 0.819717 0.631432
34.200000 0.817186 0.633789
34.300000 0.814651 0.636135
34.400000 0.812111 0.638469
34.500000 0.809567 0.640791
34.600000 0.807018 0.643102
34.700000 0.804464 0.645402
34.800000 0.801907 0.647690
34.900000 0.799344 0.649967
35.000000 0.796778 0.652233
35.100000 0.794207 0.654487
35.200000 0.791631 0.656729
35.300000 0.789052 0.658960
35.400000 0.786467 0.661180
35.500000 0.783879 0.663388
35.600000 0.781286 0.665585
35.700000 0.778689 0.667771
35.800000 0.776088 0.669945
35.900000 0.773483 0.672108
36.000000 0.770873 0.674259
36.100000 0.768259 0.676399
36.200000 0.765641 0.678528
36.300000 0.763019 0.680645
36.400000 0.760394 0.682751
36.500000 0.757765 0.684845
36.600000 0.755134 0.686929
36.700000 0.752502 0.689001
36.800000 0.749871 0.691062
36.900000 0.747245 0.693111
37.000000 0.744627 0.695150
37.100000 0.742021 0.697179
37.200000 0.739430 0.699196
37.300000 0.736858 0.701204
37.400000 0.734306 0.703200
37.500000 0.731776 0.705187
37.600000 0.729269 0.707163
37.700000 0.726786 0.709129
37.800000 0.724327 0.711084
37.900000 0.721892 0.713030
38.000000 0.719481 0.714965
38.100000 0.717095 0.716890
38.200000 0.714733 0.718805
38.300000 0.712395 0.720710
38.400000 0.710082 0.722604
38.500000 0.707793 0.724489
38.600000 0.705529 0.726363
38.700000 0.703289 0.728227
38.800000 0.701074 0.730081
38.900000 0.698884 0.731925
39.000000 0.696718 0.733759
39.100000 0.694577 0.735583
39.200000 0.692461 0.737397
39.300000 0.690370 0.739201
39.400000 0.688303 0.740995
39.500000 0.686262 0.742779
39.600000 0.684246 0.744552
39.700000 0.682254 0.746316
39.800000 0.680288 0.748070
39.900000 0.678347 0.749814
40.000000 0.676431 0.751548
40.100000 0.674540 0.753272
40.200000 0.672675 0.754986
40.300000 0.670834 0.756690
40.400000 0.669020 0.758384
40.500000 0.667230 0.760069
40.600000 0.665466 0.761743
40.700000 0.663727 0.763408
40.800000 0.662014 0.765063
40.900000 0.660327 0.766708
41.000000 0.658665 0.768343
41.100000 0.657028 0.769968
41.200000 0.655418 0.771583
41.300000 0.653833 0.773189
41.400000 0.652273 0.774785
41.500000 0.650740 0.776371
41.600000 0.649232 0.777947
41.700000 0.647750 0.779513
41.800000 0.646295 0.781070
41.900000 0.644864 0.782617
42.000000 0.643460 0.784154
42.100000 0.642082 0.785682
42.200000 0.640730 0.787200
42.300000 0.639404 0.788708
42.400000 0.638105 0.790206
42.500000 0.636831 0.791695
42.600000 0.635583 0.793174
42.700000 0.634362 0.794643
42.800000 0.633167 0.796103
42.900000 0.631998 0.797553
43.000000 0.630855 0.798993
43.100000 0.629739 0.800424
43.200000 0.628649 0.801845
43.300000 0.627586 0.803257
43.400000 0.626549 0.804658
43.500000 0.625538 0.806051
43.600000 0.624554 0.807433
43.700000 0.623597 0.808806
43.800000 0.622666 0.810170
43.900000 0.621762 0.811524
44.000000 0.620884 0.812868
44.100000 0.620033 0.814202
44.200000 0.619208 0.815524
44.300000 0.618409 0.816832
44.400000 0.617635 0.818120
44.500000 0.616884 0.819375
44.600000 0.616153 0.820579
44.700000 0.615437 0.821704
44.800000 0.614729 0.822719
44.900000 0.614023 0.823590
45.000000 0.613312 0.824295
45.100000 0.612590 0.824825
45.200000 0.611856 0.825191
45.300000 0.611109 0.825419
45.400000 0.610350 0.825542
45.500000 0.609582 0.825594
45.600000 0.608806 0.825603
45.700000 0.608026 0.825589
45.800000 0.607240 0.825564
45.900000 0.606452 0.825534
46.000000 0.605659 0.825501
46.100000 0.604864 0.825468
46.200000 0.604066 0.825434
46.300000 0.603264 0.825401
46.400000 0.602459 0.825367
46.500000 0.601651 0.825333
46.600000 0.600839 0.825299
46.700000 0.600025 0.825264
46.800000 0.599207 0.825230
46.900000 0.598387 0.825195
47.000000 0.597563 0.825161
47.100000 0.596736 0.825126
47.200000 0.595905 0.825091
47.300000 0.595072 0.825056
47.400000 0.594235 0.825020
47.500000 0.593396 0.824985
47.600000 0.592553 0.824950
47.700000 0.591706 0.824914
47.800000 0.590857 0.824878
47.900000 0.590005 0.824842
48.000000 0.589149 0.824806
48.100000 0.588290 0.824770
48.200000 0.587428 0.824734
48.300000 0.586563 0.824697
48.400000 0.585695 0.824661
48.500000 0.584823 0.824624
48.600000 0.583949 0.824587
48.700000 0.583071 0.824550
48.800000 0.582190 0.824513
48.900000 0.581306 0.824476
49.000000 0.580419 0.824439
49.100000 0.579528 0.824401
49.200000 0.578634 0.824364
49.300000 0.577738 0.824326
49.400000 0.576838 0.824288
49.500000 0.575934 0.824250
49.600000 0.575028 0.824212
49.700000 0.574119 0.824173
49.800000 0.573206 0.824135
49.900000 0.572290 0.824096
50.000000 0.571371 0.824058
50.100000 0.570449 0.824019
50.200000 0.569524 0.823980
50.300000 0.568595 0.823941
50.400000 0.567663 0.823902
50.500000 0.566729 0.823862
50.600000 0.565790 0.823823
50.700000 0.564849 0.823783
50.800000 0.563905 0.823743
50.900000 0.562957 0.823703
51.000000 0.562007 0.823663
51.100000 0.561053 0.823623
51.200000 0.560096 0.823583
51.300000 0.559136 0.823543
51.400000 0.558172 0.823502
51.500000 0.557206 0.823461
51.600000 0.556236 0.823420
51.700000 0.555263 0.823379
51.800000 0.554287 0.823338
51.900000 0.553308 0.823297
52.000000 0.552325 0.823256
52.100000 0.551340 0.823214
52.200000 0.550351 0.823173
52.300000 0.549359 0.823131
52.400000 0.548364 0.823089
52.500000 0.547366 0.823047
52.600000 0.546365 0.823005
52.700000 0.545360 0.822963
52.800000 0.544352 0.822920
52.900000 0.543341 0.822878
53.000000 0.542327 0.822835
53.100000 0.541310 0.822792
53.200000 0.540290 0.822749
53.300000 0.539266 0.822706
53.400000 0.538239 0.822663
53.500000 0.537209 0.822619
53.600000 0.536176 0.822576
53.700000 0.535140 0.822532
53.800000 0.534101 0.822488
53.900000 0.533058 0.822445
54.000000 0.532012 0.822401
54.100000 0.530963 0.822356
54.200000 0.529911 0.822312
54.300000 0.528856 0.822268
54.400000 0.527798 0.822223
54.500000 0.526736 0.822178
54.600000 0.525671 0.822134
54.700000 0.524603 0.822089
54.800000 0.523532 0.822043
54.900000 0.522458 0.821998
55.000000 0.521380 0.821953
55.100000 0.520300 0.821907
55.200000 0.519216 0.821862
55.300000 0.518129 0.821816
55.400000 0.517039 0.821770
55.500000 0.515946 0.821724
55.600000 0.514849 0.821678
55.700000 0.513749 0.821632
55.800000 0.512647 0.821585
55.900000 0.511541 0.821539
56.000000 0.510431 0.821492
56.100000 0.509319 0.821445
56.200000 0.508204 0.821398
56.300000 0.507085 0.821351
56.400000 0.505963 0.821304
56.500000 0.504838 0.821256
56.600000 0.503710 0.821209
56.700000 0.502579 0.821161
56.800000 0.501444 0.821113
56.900000 0.500307 0.821066
57.000000 0.499166 0.821018
57.100000 0.498022 0.820969
57.200000 0.496875 0.820921
57.300000 0.495724 0.820873
57.400000 0.494571 0.820824
57.500000 0.493414 0.820775
57.600000 0.492254 0.820726
57.700000 0.491091 0.820678
57.800000 0.489925 0.820628
57.900000 0.488756 0.820579
58.000000 0.487583 0.820530
58.100000 0.486407 0.820480
58.200000 0.485229 0.820431
58.300000 0.484046 0.820381
58.400000 0.482861 0.820331
58.500000 0.481673 0.820281
58.600000 0.480481 0.820231
58.700000 0.479287 0.820180
58.800000 0.478089 0.820130
58.900000 0.476888 0.820079
59.000000 0.475684 0.820029
59.100000 0.474476 0.819978
59.200000 0.473266 0.819927
59.300000 0.472052 0.819876
59.400000 0.470835 0.819825
59.500000 0.469615 0.819773
59.600000 0.468392 0.819722
59.700000 0.467165 0.819670
59.800000 0.465936 0.819618
59.900000 0.464703 0.819566
60.000000 0.463467 0.819514
60.100000 0.462228 0.819462
60.200000 0.460986 0.819410
60.300000 0.459740 0.819357
60.400000 0.458492 0.819305
60.500000 0.457240 0.819252
60.600000 0.455985 0.819199
60.700000 0.454727 0.819146
60.800000 0.453466 0.819093
60.900000 0.452201 0.819040
61.000000 0.450934 0.818987
61.100000 0.449663 0.818933
61.200000 0.448389 0.818880
61.300000 0.447112 0.818826
61.400000 0.445832 0.818772
61.500000 0.444548 0.818718
61.600000 0.443262 0.818664
61.700000 0.441972 0.818609
61.800000 0.440679 0.818555
61.900000 0.439383 0.818500
62.000000 0.438084 0.818446
62.100000 0.436781 0.818391
62.200000 0.435475 0.818336
62.300000 0.434167 0.818281
62.400000 0.432855 0.818225
62.500000 0.431540 0.818170
62.600000 0.430221 0.818115
62.700000 0.428900 0.818059
62.800000 0.427575 0.818003
62.900000 0.426247 0.817947
63.000000 0.424916 0.817891
63.100000 0.423582 0.817835
63.200000 0.422245 0.817779
63.300000 0.420904 0.817722
63.400000 0.419561 0.817666
63.500000 0.418214 0.817609
63.600000 0.416864 0.817552
63.700000 0.415511 0.817495
63.800000 0.414154 0.817438
63.900000 0.412795 0.817381
64.000000 0.411432 0.817323
64.100000 0.410067 0.817266
64.200000 0.408697 0.817208
64.300000 0.407325 0.817151
64.400000 0.405950 0.817093
64.500000 0.404571 0.817035
64.600000 0.403190 0.816976
64.700000 0.401805 0.816918
64.800000 0.400417 0.816860
64.900000 0.399026 0.816801
65.000000 0.397631 0.816742
65.100000 0.396234 0.816684
65.200000 0.394833 0.816625
65.300000 0.393429 0.816565
65.400000 0.392022 0.816506
65.500000 0.390612 0.816447
65.600000 0.389199 0.816387
65.700000 0.387782 0.816328
65.800000 0.386362 0.816268
65.900000 0.384940 0.816208
66.000000 0.383514 0.816148
66.100000 0.382084 0.816088
66.200000 0.380652 0.816027
66.300000 0.379216 0.815967
66.400000 0.377778 0.815906
66.500000 0.376336 0.815846
66.600000 0.374891 0.815785
66.700000 0.373443 0.815724
66.800000 0.371991 0.815663
66.900000 0.370537 0.815602
67.000000 0.369079 0.815540
67.100000 0.367618 0.815479
67.200000 0.366154 0.815417
67.300000 0.364687 0.815355
67.400000 0.363216 0.815293
67.500000 0.361743 0.815231
67.600000 0.360266 0.815169
67.700000 0.358786 0.815107
67.800000 0.357303 0.815044
67.900000 0.355817 0.814982
68.000000 0.354327 0.814919
68.100000 0.352835 0.814856
68.200000 0.351339 0.814793
68.300000 0.349840 0.814730
68.400000 0.348338 0.814667
68.500000 0.346833 0.814604
68.600000 0.345326 0.814540
68.700000 0.343816 0.814476
68.800000 0.342304 0.814413
68.900000 0.340791 0.814349
69.000000 0.339278 0.814285
69.100000 0.337766 0.814222
69.200000 0.336256 0.814158
69.300000 0.334748 0.814095
69.400000 0.333243 0.814031
69.500000 0.331741 0.813968
69.600000 0.330243 0.813905
69.700000 0.328749 0.813842
69.800000 0.327258 0.813779
69.900000 0.325771 0.813717
70.000000 0.324288 0.813654
70.100000 0.322809 0.813592
70.200000 0.321333 0.813530
70.300000 0.319862 0.813468
70.400000 0.318394 0.813406
70.500000 0.316930 0.813344
70.600000 0.315469 0.813283
70.700000 0.314013 0.813222
70.800000 0.312560 0.813160
70.900000 0.311111 0.813099
71.000000 0.309666 0.813039
71.100000 0.308225 0.812978
71.200000 0.306788 0.812917
71.300000 0.305354 0.812857
71.400000 0.303924 0.812797
71.500000 0.302498 0.812737
71.600000 0.301076 0.812677
71.700000 0.299657 0.812617
71.800000 0.298243 0.812558
71.900000 0.296832 0.812498
72.000000 0.295425 0.812439
72.100000 0.294022 0.812380
72.200000 0.292622 0.812321
72.300000 0.291227 0.812262
72.400000 0.289835 0.812204
72.500000 0.288447 0.812145
72.600000 0.287063 0.812087
72.700000 0.285682 0.812029
72.800000 0.284306 0.811971
72.900000 0.282933 0.811913
73.000000 0.281564 0.811855
73.100000 0.280199 0.811798
73.200000 0.278837 0.811741
73.300000 0.277480 0.811683
73.400000 0.276126 0.811626
73.500000 0.274776 0.811570
73.600000 0.273430 0.811513
73.700000 0.272087 0.811456
73.800000 0.270749 0.811400
73.900000 0.269414 0.811344
74.000000 0.268083 0.811288
74.100000 0.266756 0.811232
74.200000 0.265432 0.811176
74.300000 0.264113 0.811121
74.400000 0.262797 0.811065
74.500000 0.261485 0.811010
74.600000 0.260177 0.810955
74.700000 0.258873 0.810900
74.800000 0.257572 0.810845
74.900000 0.256275 0.810791
75.000000 0.254982 0.810736
75.100000 0.253693 0.810682
75.200000 0.252408 0.810628
75.300000 0.251126 0.810574
75.400000 0.249849 0.810520
75.500000 0.248575 0.810466
75.600000 0.247304 0.810413
75.700000 0.246038 0.810360
75.800000 0.244776 0.810306
75.900000 0.243517 0.810253
76.000000 0.242262 0.810201
76.100000 0.241011 0.810148
76.200000 0.239764 0.810095
76.300000 0.238520 0.810043
76.400000 0.237280 0.809991
76.500000 0.236044 0.809939
76.600000 0.234812 0.809887
76.700000 0.233584 0.809835
76.800000 0.232360 0.809784
76.900000 0.231139 0.809732
77.000000 0.229922 0.809681
77.100000 0.228709 0.809630
77.200000 0.227500 0.809579
77.300000 0.226294 0.809528
77.400000 0.225092 0.809478
77.500000 0.223895 0.809427
77.600000 0.222700 0.809377
77.700000 0.221510 0.809327
77.800000 0.220324 0.809277
77.900000 0.219141 0.809227
78.000000 0.217962 0.809177
78.100000 0.216787 0.809128
78.200000 0.215616 0.809079
78.300000 0.214448 0.809029
78.400000 0.213285 0.808980
78.500000 0.212125 0.808932
78.600000 0.210969 0.808883
78.700000 0.209817 0.808834
78.800000 0.208668 0.808786
78.900000 0.207524 0.808738
79.000000 0.206383 0.808690
79.100000 0.205246 0.808642
79.200000 0.204112 0.808594
79.300000 0.202983 0.808547
79.400000 0.201857 0.808499
79.500000 0.200736 0.808452
79.600000 0.199618 0.808405
79.700000 0.198503 0.808358
79.800000 0.197393 0.808311
79.900000 0.196286 0.808265
80.000000 0.195184 0.808218
80.100000 0.194085 0.808172
80.200000 0.192989 0.808126
80.300000 0.191898 0.808080
80.400000 0.190810 0.808034
80.500000 0.189727 0.807988
80.600000 0.188647 0.807943
80.700000 0.187570 0.807898
80.800000 0.186498 0.807853
80.900000 0.185429 0.807808
81.000000 0.184365 0.807763
81.100000 0.183304 0.807718
81.200000 0.182246 0.807674
81.300000 0.181193 0.807629
81.400000 0.180144 0.807585
81.500000 0.179098 0.807541
81.600000 0.178056 0.807497
81.700000 0.177018 0.807453
81.800000 0.175983 0.807410
81.900000 0.174953 0.807366
82.000000 0.173926 0.807323
82.100000 0.172903 0.807280
82.200000 0.171884 0.807237
82.300000 0.170869 0.807194
82.400000 0.169857 0.807152
82.500000 0.168849 0.807109
82.600000 0.167845 0.807067
82.700000 0.166845 0.807025
82.800000 0.165849 0.806983
82.900000 0.164856 0.806941
83.000000 0.163868 0.806900
83.100000 0.162883 0.806858
83.200000 0.161902 0.806817
83.300000 0.160924 0.806776
83.400000 0.159951 0.806735
83.500000 0.158981 0.806694
83.600000 0.158015 0.806653
83.700000 0.157053 0.806613
83.800000 0.156095 0.806572
83.900000 0.155140 0.806532
84.000000 0.154190 0.806492
84.100000 0.153243 0.806452
84.200000 0.152300 0.806413
84.300000 0.151360 0.806373
84.400000 0.150425 0.806334
84.500000 0.149493 0.806294
84.600000 0.148565 0.806255
84.700000 0.147641 0.806216
84.800000 0.146721 0.806178
84.900000 0.145804 0.806139
85.000000 0.144892 0.806101
85.100000 0.143983 0.806062
85.200000 0.143078 0.806024
85.300000 0.142177 0.805986
85.400000 0.141279 0.805949
85.500000 0.140385 0.805911
85.600000 0.139496 0.805873
85.700000 0.138610 0.805836
85.800000 0.137727 0.805799
85.900000 0.136849 0.805762
86.000000 0.135974 0.805725
86.100000 0.135103 0.805689
86.200000 0.134236 0.805652
86.300000 0.133373 0.805616
86.400000 0.132514 0.805580
86.500000 0.131658 0.805543
86.600000 0.130806 0.805508
86.700000 0.129958 0.805472
86.800000 0.129114 0.805436
86.900000 0.128274 0.805401
87.000000 0.127437 0.805366
87.100000 0.126604 0.805331
87.200000 0.125775 0.805296
87.300000 0.124950 0.805261
87.400000 0.124129 0.805226
87.500000 0.123311 0.805192
87.600000 0.122497 0.805158
87.700000 0.121687 0.805124
87.800000 0.120881 0.805090
87.900000 0.120079 0.805056
88.000000 0.119280 0.805022
88.100000 0.118485 0.804989
88.200000 0.117694 0.804956
88.300000 0.116907 0.804922
88.400000 0.116123 0.804889
88.500000 0.115343 0.804857
88.600000 0.114566 0.804824
88.700000 0.113791 0.804791
88.800000 0.113018 0.804759
88.900000 0.112245 0.804726
89.000000 0.111471 0.804694
89.100000 0.110694 0.804661
89.200000 0.109913 0.804628
89.300000 0.109127 0.804595
89.400000 0.108335 0.804561
89.500000 0.107536 0.804528
89.600000 0.106729 0.804494
89.700000 0.105915 0.804460
89.800000 0.105094 0.804425
89.900000 0.104265 0.804390
90.000000 0.103428 0.804355
90.100000 0.102584 0.804319
90.200000 0.101732 0.804283
90.300000 0.100873 0.804247
90.400000 0.100006 0.804211
90.500000 0.099131 0.804174
90.600000 0.098249 0.804137
90.700000 0.097359 0.804099
90.800000 0.096461 0.804062
90.900000 0.095556 0.804023
91.000000 0.094644 0.803985
91.100000 0.093723 0.803946
91.200000 0.092796 0.803907
91.300000 0.091860 0.803868
91.400000 0.090917 0.803828
91.500000 0.089966 0.803788
91.600000 0.089008 0.803748
91.700000 0.088042 0.803707
91.800000 0.087069 0.803666
91.900000 0.086087 0.803625
92.000000 0.085099 0.803583
92.100000 0.084102 0.803541
92.200000 0.083098 0.803499
92.300000 0.082087 0.803456
92.400000 0.081068 0.803413
92.500000 0.080041 0.803370
92.600000 0.079007 0.803327
92.700000 0.077965 0.803283
92.800000 0.076915 0.803239
92.900000 0.075858 0.803194
93.000000 0.074793 0.803149
93.100000 0.073721 0.803104
93.200000 0.072641 0.803059
93.300000 0.071553 0.803013
93.400000 0.070458 0.802967
93.500000 0.069355 0.802920
93.600000 0.068245 0.802873
93.700000 0.067127 0.802826
93.800000 0.066001 0.802779
93.900000 0.064868 0.802731
94.000000 0.063727 0.802683
94.100000 0.062579 0.802635
94.200000 0.061423 0.802586
94.300000 0.060259 0.802537
94.400000 0.059088 0.802488
94.500000 0.057909 0.802438
94.600000 0.056722 0.802388
94.700000 0.055528 0.802338
94.800000 0.054327 0.802287
94.900000 0.053117 0.802237
95.000000 0.051900 0.802185
95.100000 0.050676 0.802134
95.200000 0.049444 0.802082
95.300000 0.048204 0.802030
95.400000 0.046957 0.801977
95.500000 0.045702 0.801924
95.600000 0.044439 0.801871
95.700000 0.043169 0.801818
95.800000 0.041891 0.801764
95.900000 0.040606 0.801710
96.000000 0.039313 0.801655
96.100000 0.038013 0.801601
96.200000 0.036704 0.801545
96.300000 0.035389 0.801490
96.400000 0.034065 0.801434
96.500000 0.032734 0.801378
96.600000 0.031396 0.801322
96.700000 0.030050 0.801265
96.800000 0.028696 0.801208
96.900000 0.027334 0.801151
97.000000 0.025965 0.801093
97.100000 0.024589 0.801035
97.200000 0.023205 0.800977
97.300000 0.021813 0.800918
97.400000 0.020413 0.800860
97.500000 0.019006 0.800800
97.600000 0.017592 0.800741
97.700000 0.016169 0.800681
97.800000 0.014740 0.800621
97.900000 0.013302 0.800560
98.000000 0.011859 0.800499
98.100000 0.010409 0.800438
98.200000 0.008958 0.800377
98.300000 0.007513 0.800316
98.400000 0.006087 0.800256
98.500000 0.004705 0.800198
98.600000 0.003398 0.800143
98.700000 0.002208 0.800093
98.800000 0.001174 0.800049
98.900000 0.000325 0.800014
99.000000 0.000000 0.800000
