T FAR FRR
1.000000 1.000000 0.000000
1.100000 0.979629 0.000000
1.200000 0.939890 0.000000
1.300000 0.901375 0.000000
1.400000 0.864274 0.000000
1.500000 0.828729 0.000000
1.600000 0.794837 0.000000
1.700000 0.762656 0.000000
1.800000 0.732219 0.000000
1.900000 0.703541 0.000000
2.000000 0.676628 0.000000
2.100000 0.651483 0.000000
2.200000 0.628106 0.000000
2.300000 0.606495 0.000000
2.400000 0.586642 0.000000
2.500000 0.568534 0.000000
2.600000 0.552139 0.000000
2.700000 0.537399 0.000000
2.800000 0.524222 0.000000
2.900000 0.512467 0.000000
3.000000 0.501951 0.000000
3.100000 0.492459 0.000000
3.200000 0.483759 0.000000
3.300000 0.475636 0.000000
3.400000 0.467907 0.000000
3.500000 0.460432 0.000000
3.600000 0.453117 0.000000
3.700000 0.445904 0.000000
3.800000 0.438764 0.000000
3.900000 0.431681 0.000000
4.000000 0.424648 0.000000
4.100000 0.417663 0.000000
4.200000 0.410725 0.000000
4.300000 0.403834 0.000000
4.400000 0.396990 0.000000
4.500000 0.390195 0.000000
4.600000 0.383451 0.000000
4.700000 0.376763 0.000000
4.800000 0.370138 0.000000
4.900000 0.363588 0.000000
5.000000 0.357127 0.000000
5.100000 0.350774 0.000000
5.200000 0.344546 0.000000
5.300000 0.338461 0.000000
5.400000 0.332535 0.000000
5.500000 0.326778 0.000000
5.600000 0.321198 0.000000
5.700000 0.315800 0.000000
5.800000 0.310586 0.000000
5.900000 0.305558 0.000000
6.000000 0.300715 0.000000
6.100000 0.296058 0.000000
6.200000 0.291588 0.000000
6.300000 0.287303 0.000000
6.400000 0.283204 0.000000
6.500000 0.279288 0.000000
6.600000 0.275552 0.000000
6.700000 0.271991 0.000000
6.800000 0.268593 0.000000
6.900000 0.265344 0.000000
7.000000 0.262223 0.000000
7.100000 0.259209 0.000000
7.200000 0.256275 0.000000
7.300000 0.253398 0.000000
7.400000 0.250559 0.000000
7.500000 0.247742 0.000000
7.600000 0.244938 0.000000
7.700000 0.242139 0.000000
7.800000 0.239344 0.000000
7.900000 0.236549 0.000000
8.000000 0.233755 0.000000
8.100000 0.230961 0.000000
8.200000 0.228168 0.000000
8.300000 0.225374 0.000000
8.400000 0.222580 0.000000
8.500000 0.219788 0.000000
8.600000 0.216996 0.000000
8.700000 0.214208 0.000000
8.800000 0.211426 0.000000
8.900000 0.208652 0.000000
9.000000 0.205893 0.000000
9.100000 0.203155 0.000000
9.200000 0.200442 0.000000
9.300000 0.197762 0.000000
9.400000 0.195120 0.000000
9.500000 0.192518 0.000000
9.600000 0.189959 0.000000
9.700000 0.187446 0.000000
9.800000 0.184978 0.000000
9.900000 0.182557 0.000000
10.000000 0.180182 0.000000
10.100000 0.177854 0.000000
10.200000 0.175572 0.000000
10.300000 0.173337 0.000000
10.400000 0.171149 0.000000
10.500000 0.169007 0.000000
10.600000 0.166911 0.000000
10.700000 0.164863 0.000000
10.800000 0.162860 0.000000
10.900000 0.160905 0.000000
11.000000 0.158995 0.000000
11.100000 0.157133 0.000000
11.200000 0.155317 0.000000
11.300000 0.153547 0.000000
11.400000 0.151824 0.000000
11.500000 0.150148 0.000000
11.600000 0.148518 0.000000
11.700000 0.146935 0.000000
11.800000 0.145398 0.000000
11.900000 0.143908 0.000000
12.000000 0.142465 0.000000
12.100000 0.141068 0.000000
12.200000 0.139717 0.000000
12.300000 0.138414 0.000000
12.400000 0.137156 0.000000
12.500000 0.135944 0.000000
12.600000 0.134777 0.000000
12.700000 0.133654 0.000000
12.800000 0.132572 0.000000
12.900000 0.131527 0.000000
13.000000 0.130514 0.000000
13.100000 0.129527 0.000000
13.200000 0.128561 0.000000
13.300000 0.127609 0.000000
13.400000 0.126666 0.000000
13.500000 0.125729 0.000000
13.600000 0.124795 0.000000
13.700000 0.123863 0.000000
13.800000 0.122931 0.000000
13.900000 0.122000 0.000000
14.000000 0.121068 0.000000
14.100000 0.120137 0.000000
14.200000 0.119206 0.000000
14.300000 0.118275 0.000000
14.400000 0.117343 0.000000
14.500000 0.116412 0.000000
14.600000 0.115481 0.000000
14.700000 0.114549 0.000000
14.800000 0.113618 0.000000
14.900000 0.112687 0.000000
15.000000 0.111755 0.000000
15.100000 0.110824 0.000000
15.200000 0.109893 0.000000
15.300000 0.108962 0.000000
15.400000 0.108030 0.000000
15.500000 0.107099 0.000000
15.600000 0.106168 0.000000
15.700000 0.105236 0.000000
15.800000 0.104305 0.000000
15.900000 0.103374 0.000000
16.000000 0.102443 0.000000
16.100000 0.101511 0.000000
16.200000 0.100580 0.000000
16.300000 0.099649 0.000000
16.400000 0.098717 0.000000
16.500000 0.097786 0.000000
16.600000 0.096855 0.000000
16.700000 0.095923 0.000000
16.800000 0.094992 0.000000
16.900000 0.094061 0.000000
17.000000 0.093130 0.000000
17.100000 0.092198 0.000000
17.200000 0.091267 0.000000
17.300000 0.090336 0.000000
17.400000 0.089404 0.000000
17.500000 0.088473 0.000000
17.600000 0.087542 0.000000
17.700000 0.086611 0.000000
17.800000 0.085679 0.000000
17.900000 0.084748 0.000000
18.000000 0.083817 0.000000
18.100000 0.082885 0.000000
18.200000 0.081954 0.000000
18.300000 0.081023 0.000000
18.400000 0.080091 0.000000
18.500000 0.079160 0.000000
18.600000 0.078229 0.000000
18.700000 0.077298 0.000000
18.800000 0.076366 0.000000
18.900000 0.075435 0.000000
19.000000 0.074504 0.000000
19.100000 0.073572 0.000000
19.200000 0.072641 0.000000
19.300000 0.071710 0.000000
19.400000 0.070778 0.000000
19.500000 0.069847 0.000000
19.600000 0.068916 0.000000
19.700000 0.067985 0.000000
19.800000 0.067053 0.000000
19.900000 0.066122 0.000000
20.000000 0.065191 0.000000
20.100000 0.064259 0.000000
20.200000 0.063328 0.000000
20.300000 0.062397 0.000000
20.400000 0.061466 0.000000
20.500000 0.060534 0.000000
20.600000 0.059603 0.000000
20.700000 0.058672 0.000000
20.800000 0.057740 0.000000
20.900000 0.056809 0.000000
21.000000 0.055878 0.000000
21.100000 0.054946 0.000000
21.200000 0.054015 0.000000
21.300000 0.053084 0.000000
21.400000 0.052153 0.000000
21.500000 0.051221 0.000000
21.600000 0.050290 0.000000
21.700000 0.049359 0.000000
21.800000 0.048427 0.000000
21.900000 0.047496 0.000000
22.000000 0.046565 0.000001
22.100000 0.045633 0.000004
22.200000 0.044702 0.000012
22.300000 0.043771 0.000031
22.400000 0.042840 0.000075
22.500000 0.041908 0.000161
22.600000 0.040977 0.000320
22.700000 0.040046 0.000585
22.800000 0.039114 0.000991
22.900000 0.038183 0.001562
23.000000 0.037252 0.002308
23.100000 0.036321 0.003220
23.200000 0.035389 0.004273
23.300000 0.034458 0.005431
23.400000 0.033527 0.006662
23.500000 0.032595 0.007936
23.600000 0.031664 0.009234
23.700000 0.030733 0.010544
23.800000 0.029801 0.011858
23.900000 0.028870 0.013175
24.000000 0.027939 0.014492
24.100000 0.027008 0.015810
24.200000 0.026076 0.017127
24.300000 0.025145 0.018445
24.400000 0.024214 0.019762
24.500000 0.023282 0.021080
24.600000 0.022351 0.022397
24.700000 0.021420 0.023714
24.800000 0.020489 0.025032
24.900000 0.019557 0.026349
25.000000 0.018626 0.027667
25.100000 0.017695 0.028984
25.200000 0.016763 0.030302
25.300000 0.015832 0.031619
25.400000 0.014901 0.032937
25.500000 0.013969 0.034254
25.600000 0.013038 0.035572
25.700000 0.012107 0.036889
25.800000 0.011176 0.038207
25.900000 0.010244 0.039524
26.000000 0.009313 0.040842
26.100000 0.008383 0.042159
26.200000 0.007453 0.043476
26.300000 0.006528 0.044794
26.400000 0.005610 0.046111
26.500000 0.004709 0.047429
26.600000 0.003839 0.048746
26.700000 0.003020 0.050064
26.800000 0.002276 0.051381
26.900000 0.001632 0.052699
27.000000 0.001104 0.054016
27.100000 0.000700 0.055334
27.200000 0.000414 0.056651
27.300000 0.000226 0.057969
27.400000 0.000114 0.059286
27.500000 0.000053 0.060604
27.600000 0.000022 0.061921
27.700000 0.000009 0.063239
27.800000 0.000003 0.064556
27.900000 0.000001 0.065873
28.000000 0.000000 0.067191
28.100000 0.000000 0.068508
28.200000 0.000000 0.069826
28.300000 0.000000 0.071143
28.400000 0.000000 0.072461
28.500000 0.000000 0.073778
28.600000 0.000000 0.075096
28.700000 0.000000 0.076413
28.800000 0.000000 0.077731
28.900000 0.000000 0.079048
29.000000 0.000000 0.080366
29.100000 0.000000 0.081683
29.200000 0.000000 0.083001
29.300000 0.000000 0.084318
29.400000 0.000000 0.085635
29.500000 0.000000 0.086953
29.600000 0.000000 0.088270
29.700000 0.000000 0.089588
29.800000 0.000000 0.090905
29.900000 0.000000 0.092223
30.000000 0.000000 0.093540
30.100000 0.000000 0.094858
30.200000 0.000000 0.096175
30.300000 0.000000 0.097493
30.400000 0.000000 0.098810
30.500000 0.000000 0.100128
30.600000 0.000000 0.101445
30.700000 0.000000 0.102763
30.800000 0.000000 0.104080
30.900000 0.000000 0.105398
31.000000 0.000000 0.106715
31.100000 0.000000 0.108032
31.200000 0.000000 0.109350
31.300000 0.000000 0.110667
31.400000 0.000000 0.111985
31.500000 0.000000 0.113302
31.600000 0.000000 0.114620
31.700000 0.000000 0.115937
31.800000 0.000000 0.117255
31.900000 0.000000 0.118572
32.000000 0.000000 0.119890
32.100000 0.000000 0.121207
32.200000 0.000000 0.122525
32.300000 0.000000 0.123842
32.400000 0.000000 0.125160
32.500000 0.000000 0.126477
32.600000 0.000000 0.127794
32.700000 0.000000 0.129112
32.800000 0.000000 0.130429
32.900000 0.000000 0.131747
33.000000 0.000000 0.133064
33.100000 0.000000 0.134382
33.200000 0.000000 0.135699
33.300000 0.000000 0.137017
33.400000 0.000000 0.138334
33.500000 0.000000 0.139652
33.600000 0.000000 0.140969
33.700000 0.000000 0.142287
33.800000 0.000000 0.143604
33.900000 0.000000 0.144922
34.000000 0.000000 0.146239
34.100000 0.000000 0.147557
34.200000 0.000000 0.148874
34.300000 0.000000 0.150191
34.400000 0.000000 0.151509
34.500000 0.000000 0.152826
34.600000 0.000000 0.154144
34.700000 0.000000 0.155461
34.800000 0.000000 0.156779
34.900000 0.000000 0.158096
35.000000 0.000000 0.159414
35.100000 0.000000 0.160731
35.200000 0.000000 0.162049
35.300000 0.000000 0.163366
35.400000 0.000000 0.164684
35.500000 0.000000 0.166001
35.600000 0.000000 0.167319
35.700000 0.000000 0.168636
35.800000 0.000000 0.169953
35.900000 0.000000 0.171271
36.000000 0.000000 0.172588
36.100000 0.000000 0.173906
36.200000 0.000000 0.175223
36.300000 0.000000 0.176541
36.400000 0.000000 0.177858
36.500000 0.000000 0.179176
36.600000 0.000000 0.180493
36.700000 0.000000 0.181811
36.800000 0.000000 0.183128
36.900000 0.000000 0.184446
37.000000 0.000000 0.185763
37.100000 0.000000 0.187081
37.200000 0.000000 0.188398
37.300000 0.000000 0.189716
37.400000 0.000000 0.191033
37.500000 0.000000 0.192350
37.600000 0.000000 0.193668
37.700000 0.000000 0.194985
37.800000 0.000000 0.196303
37.900000 0.000000 0.197620
38.000000 0.000000 0.198938
38.100000 0.000000 0.200255
38.200000 0.000000 0.201573
38.300000 0.000000 0.202890
38.400000 0.000000 0.204208
38.500000 0.000000 0.205525
38.600000 0.000000 0.206843
38.700000 0.000000 0.208160
38.800000 0.000000 0.209478
38.900000 0.000000 0.210795
39.000000 0.000000 0.212112
39.100000 0.000000 0.213430
39.200000 0.000000 0.214747
39.300000 0.000000 0.216065
39.400000 0.000000 0.217382
39.500000 0.000000 0.218700
39.600000 0.000000 0.220017
39.700000 0.000000 0.221335
39.800000 0.000000 0.222652
39.900000 0.000000 0.223970
40.000000 0.000000 0.225287
40.100000 0.000000 0.226605
40.200000 0.000000 0.227922
40.300000 0.000000 0.229240
40.400000 0.000000 0.230557
40.500000 0.000000 0.231875
40.600000 0.000000 0.233192
40.700000 0.000000 0.234509
40.800000 0.000000 0.235827
40.900000 0.000000 0.237144
41.000000 0.000000 0.238462
41.100000 0.000000 0.239779
41.200000 0.000000 0.241097
41.300000 0.000000 0.242414
41.400000 0.000000 0.243732
41.500000 0.000000 0.245049
41.600000 0.000000 0.246367
41.700000 0.000000 0.247684
41.800000 0.000000 0.249002
41.900000 0.000000 0.250319
42.000000 0.000000 0.251637
42.100000 0.000000 0.252954
42.200000 0.000000 0.254271
42.300000 0.000000 0.255589
42.400000 0.000000 0.256906
42.500000 0.000000 0.258224
42.600000 0.000000 0.259541
42.700000 0.000000 0.260859
42.800000 0.000000 0.262176
42.900000 0.000000 0.263494
43.000000 0.000000 0.264811
43.100000 0.000000 0.266129
43.200000 0.000000 0.267446
43.300000 0.000000 0.268764
43.400000 0.000000 0.270081
43.500000 0.000000 0.271399
43.600000 0.000000 0.272716
43.700000 0.000000 0.274034
43.800000 0.000000 0.275351
43.900000 0.000000 0.276668
44.000000 0.000000 0.277986
44.100000 0.000000 0.279303
44.200000 0.000000 0.280621
44.300000 0.000000 0.281938
44.400000 0.000000 0.283256
44.500000 0.000000 0.284573
44.600000 0.000000 0.285891
44.700000 0.000000 0.287208
44.800000 0.000000 0.288526
44.900000 0.000000 0.289843
45.000000 0.000000 0.291161
45.100000 0.000000 0.292478
45.200000 0.000000 0.293796
45.300000 0.000000 0.295113
45.400000 0.000000 0.296430
45.500000 0.000000 0.297748
45.600000 0.000000 0.299065
45.700000 0.000000 0.300383
45.800000 0.000000 0.301700
45.900000 0.000000 0.303018
46.000000 0.000000 0.304335
46.100000 0.000000 0.305653
46.200000 0.000000 0.306970
46.300000 0.000000 0.308288
46.400000 0.000000 0.309605
46.500000 0.000000 0.310923
46.600000 0.000000 0.312240
46.700000 0.000000 0.313558
46.800000 0.000000 0.314875
46.900000 0.000000 0.316193
47.000000 0.000000 0.317510
47.100000 0.000000 0.318827
47.200000 0.000000 0.320145
47.300000 0.000000 0.321462
47.400000 0.000000 0.322780
47.500000 0.000000 0.324097
47.600000 0.000000 0.325415
47.700000 0.000000 0.326732
47.800000 0.000000 0.328050
47.900000 0.000000 0.329367
48.000000 0.000000 0.330685
48.100000 0.000000 0.332002
48.200000 0.000000 0.333320
48.300000 0.000000 0.334637
48.400000 0.000000 0.335955
48.500000 0.000000 0.337272
48.600000 0.000000 0.338589
48.700000 0.000000 0.339907
48.800000 0.000000 0.341224
48.900000 0.000000 0.342542
49.000000 0.000000 0.343859
49.100000 0.000000 0.345177
49.200000 0.000000 0.346494
49.300000 0.000000 0.347812
49.400000 0.000000 0.349129
49.500000 0.000000 0.350447
49.600000 0.000000 0.351764
49.700000 0.000000 0.353082
49.800000 0.000000 0.354399
49.900000 0.000000 0.355717
50.000000 0.000000 0.357034
50.100000 0.000000 0.358352
50.200000 0.000000 0.359669
50.300000 0.000000 0.360986
50.400000 0.000000 0.362304
50.500000 0.000000 0.363621
50.600000 0.000000 0.364939
50.700000 0.000000 0.366256
50.800000 0.000000 0.367574
50.900000 0.000000 0.368891
51.000000 0.000000 0.370209
51.100000 0.000000 0.371526
51.200000 0.000000 0.372844
51.300000 0.000000 0.374161
51.400000 0.000000 0.375479
51.500000 0.000000 0.376796
51.600000 0.000000 0.378114
51.700000 0.000000 0.379431
51.800000 0.000000 0.380748
51.900000 0.000000 0.382066
52.000000 0.000000 0.383383
52.100000 0.000000 0.384701
52.200000 0.000000 0.386018
52.300000 0.000000 0.387336
52.400000 0.000000 0.388653
52.500000 0.000000 0.389971
52.600000 0.000000 0.391288
52.700000 0.000000 0.392606
52.800000 0.000000 0.393923
52.900000 0.000000 0.395241
53.000000 0.000000 0.396558
53.100000 0.000000 0.397876
53.200000 0.000000 0.399193
53.300000 0.000000 0.400511
53.400000 0.000000 0.401828
53.500000 0.000000 0.403145
53.600000 0.000000 0.404463
53.700000 0.000000 0.405780
53.800000 0.000000 0.407098
53.900000 0.000000 0.408415
54.000000 0.000000 0.409733
54.100000 0.000000 0.411050
54.200000 0.000000 0.412368
54.300000 0.000000 0.413685
54.400000 0.000000 0.415003
54.500000 0.000000 0.416320
54.600000 0.000000 0.417638
54.700000 0.000000 0.418955
54.800000 0.000000 0.420273
54.900000 0.000000 0.421590
55.000000 0.000000 0.422908
55.100000 0.000000 0.424225
55.200000 0.000000 0.425542
55.300000 0.000000 0.426860
55.400000 0.000000 0.428177
55.500000 0.000000 0.429495
55.600000 0.000000 0.430812
55.700000 0.000000 0.432130
55.800000 0.000000 0.433447
55.900000 0.000000 0.434765
56.000000 0.000000 0.436082
56.100000 0.000000 0.437400
56.200000 0.000000 0.438717
56.300000 0.000000 0.440035
56.400000 0.000000 0.441352
56.500000 0.000000 0.442670
56.600000 0.000000 0.443987
56.700000 0.000000 0.445304
56.800000 0.000000 0.446622
56.900000 0.000000 0.447939
57.000000 0.000000 0.449257
57.100000 0.000000 0.450574
57.200000 0.000000 0.451892
57.300000 0.000000 0.453209
57.400000 0.000000 0.454527
57.500000 0.000000 0.455844
57.600000 0.000000 0.457162
57.700000 0.000000 0.458479
57.800000 0.000000 0.459797
57.900000 0.000000 0.461114
58.000000 0.000000 0.462432
58.100000 0.000000 0.463749
58.200000 0.000000 0.465067
58.300000 0.000000 0.466384
58.400000 0.000000 0.467701
58.500000 0.000000 0.469019
58.600000 0.000000 0.470336
58.700000 0.000000 0.471654
58.800000 0.000000 0.472971
58.900000 0.000000 0.474289
59.000000 0.000000 0.475606
59.100000 0.000000 0.476924
59.200000 0.000000 0.478241
59.300000 0.000000 0.479559
59.400000 0.000000 0.480876
59.500000 0.000000 0.482194
59.600000 0.000000 0.483511
59.700000 0.000000 0.484829
59.800000 0.000000 0.486146
59.900000 0.000000 0.487463
60.000000 0.000000 0.488781
60.100000 0.000000 0.490098
60.200000 0.000000 0.491416
60.300000 0.000000 0.492733
60.400000 0.000000 0.494051
60.500000 0.000000 0.495368
60.600000 0.000000 0.496686
60.700000 0.000000 0.498003
60.800000 0.000000 0.499321
60.900000 0.000000 0.500638
61.000000 0.000000 0.501956
61.100000 0.000000 0.503273
61.200000 0.000000 0.504591
61.300000 0.000000 0.505908
61.400000 0.000000 0.507226
61.500000 0.000000 0.508543
61.600000 0.000000 0.509860
61.700000 0.000000 0.511178
61.800000 0.000000 0.512495
61.900000 0.000000 0.513813
62.000000 0.000000 0.515130
62.100000 0.000000 0.516448
62.200000 0.000000 0.517765
62.300000 0.000000 0.519083
62.400000 0.000000 0.520400
62.500000 0.000000 0.521718
62.600000 0.000000 0.523035
62.700000 0.000000 0.524353
62.800000 0.000000 0.525670
62.900000 0.000000 0.526988
63.000000 0.000000 0.528305
63.100000 0.000000 0.529622
63.200000 0.000000 0.530940
63.300000 0.000000 0.532257
63.400000 0.000000 0.533575
63.500000 0.000000 0.534892
63.600000 0.000000 0.536210
63.700000 0.000000 0.537527
63.800000 0.000000 0.538845
63.900000 0.000000 0.540162
64.000000 0.000000 0.541480
64.100000 0.000000 0.542797
64.200000 0.000000 0.544115
64.300000 0.000000 0.545432
64.400000 0.000000 0.546750
64.500000 0.000000 0.548067
64.600000 0.000000 0.549385
64.700000 0.000000 0.550702
64.800000 0.000000 0.552019
64.900000 0.000000 0.553337
65.000000 0.000000 0.554654
65.100000 0.000000 0.555972
65.200000 0.000000 0.557289
65.300000 0.000000 0.558607
65.400000 0.000000 0.559924
65.500000 0.000000 0.561242
65.600000 0.000000 0.562559
65.700000 0.000000 0.563877
65.800000 0.000000 0.565194
65.900000 0.000000 0.566512
66.000000 0.000000 0.567829
66.100000 0.000000 0.569147
66.200000 0.000000 0.570464
66.300000 0.000000 0.571781
66.400000 0.000000 0.573099
66.500000 0.000000 0.574416
66.600000 0.000000 0.575734
66.700000 0.000000 0.577051
66.800000 0.000000 0.578369
66.900000 0.000000 0.579686
67.000000 0.000000 0.581004
67.100000 0.000000 0.582321
67.200000 0.000000 0.583639
67.300000 0.000000 0.584956
67.400000 0.000000 0.586274
67.500000 0.000000 0.587591
67.600000 0.000000 0.588909
67.700000 0.000000 0.590226
67.800000 0.000000 0.591544
67.900000 0.000000 0.592861
68.000000 0.000000 0.594178
68.100000 0.000000 0.595496
68.200000 0.000000 0.596813
68.300000 0.000000 0.598131
68.400000 0.000000 0.599448
68.500000 0.000000 0.600766
68.600000 0.000000 0.602083
68.700000 0.000000 0.603401
68.800000 0.000000 0.604718
68.900000 0.000000 0.606036
69.000000 0.000000 0.607353
69.100000 0.000000 0.608671
69.200000 0.000000 0.609988
69.300000 0.000000 0.611306
69.400000 0.000000 0.612623
69.500000 0.000000 0.613940
69.600000 0.000000 0.615258
69.700000 0.000000 0.616575
69.800000 0.000000 0.617893
69.900000 0.000000 0.619210
70.000000 0.000000 0.620528
70.100000 0.000000 0.621845
70.200000 0.000000 0.623163
70.300000 0.000000 0.624480
70.400000 0.000000 0.625798
70.500000 0.000000 0.627115
70.600000 0.000000 0.628433
70.700000 0.000000 0.629750
70.800000 0.000000 0.631068
70.900000 0.000000 0.632385
71.000000 0.000000 0.633703
71.100000 0.000000 0.635020
71.200000 0.000000 0.636337
71.300000 0.000000 0.637655
71.400000 0.000000 0.638972
71.500000 0.000000 0.640290
71.600000 0.000000 0.641607
71.700000 0.000000 0.642925
71.800000 0.000000 0.644242
71.900000 0.000000 0.645560
72.000000 0.000000 0.646877
72.100000 0.000000 0.648195
72.200000 0.000000 0.649512
72.300000 0.000000 0.650830
72.400000 0.000000 0.652147
72.500000 0.000000 0.653465
72.600000 0.000000 0.654782
72.700000 0.000000 0.656099
72.800000 0.000000 0.657417
72.900000 0.000000 0.658734
73.000000 0.000000 0.660052
73.100000 0.000000 0.661369
73.200000 0.000000 0.662687
73.300000 0.000000 0.664004
73.400000 0.000000 0.665322
73.500000 0.000000 0.666639
73.600000 0.000000 0.667957
73.700000 0.000000 0.669274
73.800000 0.000000 0.670592
73.900000 0.000000 0.671909
74.000000 0.000000 0.673227
74.100000 0.000000 0.674544
74.200000 0.000000 0.675862
74.300000 0.000000 0.677179
74.400000 0.000000 0.678496
74.500000 0.000000 0.679814
74.600000 0.000000 0.681131
74.700000 0.000000 0.682449
74.800000 0.000000 0.683766
74.900000 0.000000 0.685084
75.000000 0.000000 0.686401
75.100000 0.000000 0.687719
75.200000 0.000000 0.689036
75.300000 0.000000 0.690354
75.400000 0.000000 0.691671
75.500000 0.000000 0.692989
75.600000 0.000000 0.694306
75.700000 0.000000 0.695624
75.800000 0.000000 0.696941
75.900000 0.000000 0.698258
76.000000 0.000000 0.699576
76.100000 0.000000 0.700893
76.200000 0.000000 0.702211
76.300000 0.000000 0.703528
76.400000 0.000000 0.704846
76.500000 0.000000 0.706163
76.600000 0.000000 0.707481
76.700000 0.000000 0.708798
76.800000 0.000000 0.710116
76.900000 0.000000 0.711433
77.000000 0.000000 0.712751
77.100000 0.000000 0.714068
77.200000 0.000000 0.715386
77.300000 0.000000 0.716703
77.400000 0.000000 0.718021
77.500000 0.000000 0.719338
77.600000 0.000000 0.720655
77.700000 0.000000 0.721973
77.800000 0.000000 0.723290
77.900000 0.000000 0.724608
78.000000 0.000000 0.725925
78.100000 0.000000 0.727243
78.200000 0.000000 0.728560
78.300000 0.000000 0.729878
78.400000 0.000000 0.731195
78.500000 0.000000 0.732513
78.600000 0.000000 0.733830
78.700000 0.000000 0.735148
78.800000 0.000000 0.736465
78.900000 0.000000 0.737783
79.000000 0.000000 0.739100
79.100000 0.000000 0.740417
79.200000 0.000000 0.741735
79.300000 0.000000 0.743052
79.400000 0.000000 0.744370
79.500000 0.000000 0.745687
79.600000 0.000000 0.747005
79.700000 0.000000 0.748322
79.800000 0.000000 0.749640
79.900000 0.000000 0.750957
80.000000 0.000000 0.752275
80.100000 0.000000 0.753592
80.200000 0.000000 0.754910
80.300000 0.000000 0.756227
80.400000 0.000000 0.757545
80.500000 0.000000 0.758862
80.600000 0.000000 0.760180
80.700000 0.000000 0.761497
80.800000 0.000000 0.762814
80.900000 0.000000 0.764132
81.000000 0.000000 0.765449
81.100000 0.000000 0.766767
81.200000 0.000000 0.768084
81.300000 0.000000 0.769402
81.400000 0.000000 0.770719
81.500000 0.000000 0.772037
81.600000 0.000000 0.773354
81.700000 0.000000 0.774672
81.800000 0.000000 0.775989
81.900000 0.000000 0.777307
82.000000 0.000000 0.778624
82.100000 0.000000 0.779942
82.200000 0.000000 0.781259
82.300000 0.000000 0.782576
82.400000 0.000000 0.783894
82.500000 0.000000 0.785211
82.600000 0.000000 0.786529
82.700000 0.000000 0.787846
82.800000 0.000000 0.789164
82.900000 0.000000 0.790481
83.000000 0.000000 0.791799
83.100000 0.000000 0.793116
83.200000 0.000000 0.794434
83.300000 0.000000 0.795751
83.400000 0.000000 0.797069
83.500000 0.000000 0.798386
83.600000 0.000000 0.799704
83.700000 0.000000 0.801021
83.800000 0.000000 0.802339
83.900000 0.000000 0.803656
84.000000 0.000000 0.804973
84.100000 0.000000 0.806291
84.200000 0.000000 0.807608
84.300000 0.000000 0.808926
84.400000 0.000000 0.810243
84.500000 0.000000 0.811561
84.600000 0.000000 0.812878
84.700000 0.000000 0.814196
84.800000 0.000000 0.815513
84.900000 0.000000 0.816831
85.000000 0.000000 0.818148
85.100000 0.000000 0.819466
85.200000 0.000000 0.820783
85.300000 0.000000 0.822101
85.400000 0.000000 0.823418
85.500000 0.000000 0.824736
85.600000 0.000000 0.826053
85.700000 0.000000 0.827370
85.800000 0.000000 0.828688
85.900000 0.000000 0.830005
86.000000 0.000000 0.831323
86.100000 0.000000 0.832640
86.200000 0.000000 0.833958
86.300000 0.000000 0.835275
86.400000 0.000000 0.836593
86.500000 0.000000 0.837910
86.600000 0.000000 0.839228
86.700000 0.000000 0.840545
86.800000 0.000000 0.841863
86.900000 0.000000 0.843180
87.000000 0.000000 0.844498
87.100000 0.000000 0.845815
87.200000 0.000000 0.847132
87.300000 0.000000 0.848450
87.400000 0.000000 0.849767
87.500000 0.000000 0.851085
87.600000 0.000000 0.852402
87.700000 0.000000 0.853720
87.800000 0.000000 0.855037
87.900000 0.000000 0.856355
88.000000 0.000000 0.857672
88.100000 0.000000 0.858990
88.200000 0.000000 0.860307
88.300000 0.000000 0.861625
88.400000 0.000000 0.862942
88.500000 0.000000 0.864260
88.600000 0.000000 0.865577
88.700000 0.000000 0.866895
88.800000 0.000000 0.868212
88.900000 0.000000 0.869529
89.000000 0.000000 0.870847
89.100000 0.000000 0.872164
89.200000 0.000000 0.873482
89.300000 0.000000 0.874799
89.400000 0.000000 0.876117
89.500000 0.000000 0.877434
89.600000 0.000000 0.878752
89.700000 0.000000 0.880069
89.800000 0.000000 0.881387
89.900000 0.000000 0.882704
90.000000 0.000000 0.884022
90.100000 0.000000 0.885339
90.200000 0.000000 0.886657
90.300000 0.000000 0.887974
90.400000 0.000000 0.889291
90.500000 0.000000 0.890609
90.600000 0.000000 0.891926
90.700000 0.000000 0.893244
90.800000 0.000000 0.894561
90.900000 0.000000 0.895879
91.000000 0.000000 0.897196
91.100000 0.000000 0.898514
91.200000 0.000000 0.899831
91.300000 0.000000 0.901149
91.400000 0.000000 0.902466
91.500000 0.000000 0.903784
91.600000 0.000000 0.905101
91.700000 0.000000 0.906419
91.800000 0.000000 0.907736
91.900000 0.000000 0.909054
92.000000 0.000000 0.910371
92.100000 0.000000 0.911688
92.200000 0.000000 0.913006
92.300000 0.000000 0.914323
92.400000 0.000000 0.915641
92.500000 0.000000 0.916958
92.600000 0.000000 0.918276
92.700000 0.000000 0.919593
92.800000 0.000000 0.920911
92.900000 0.000000 0.922228
93.000000 0.000000 0.923546
93.100000 0.000000 0.924863
93.200000 0.000000 0.926181
93.300000 0.000000 0.927498
93.400000 0.000000 0.928816
93.500000 0.000000 0.930133
93.600000 0.000000 0.931450
93.700000 0.000000 0.932768
93.800000 0.000000 0.934085
93.900000 0.000000 0.935403
94.000000 0.000000 0.936720
94.100000 0.000000 0.938038
94.200000 0.000000 0.939355
94.300000 0.000000 0.940673
94.400000 0.000000 0.941990
94.500000 0.000000 0.943308
94.600000 0.000000 0.944625
94.700000 0.000000 0.945943
94.800000 0.000000 0.947260
94.900000 0.000000 0.948578
95.000000 0.000000 0.949895
95.100000 0.000000 0.951213
95.200000 0.000000 0.952530
95.300000 0.000000 0.953847
95.400000 0.000000 0.955165
95.500000 0.000000 0.956482
95.600000 0.000000 0.957800
95.700000 0.000000 0.959117
95.800000 0.000000 0.960435
95.900000 0.000000 0.961752
96.000000 0.000000 0.963070
96.100000 0.000000 0.964387
96.200000 0.000000 0.965705
96.300000 0.000000 0.967022
96.400000 0.000000 0.968340
96.500000 0.000000 0.969657
96.600000 0.000000 0.970975
96.700000 0.000000 0.972292
96.800000 0.000000 0.973609
96.900000 0.000000 0.974927
97.000000 0.000000 0.976244
97.100000 0.000000 0.977562
97.200000 0.000000 0.978879
97.300000 0.000000 0.980197
97.400000 0.000000 0.981514
97.500000 0.000000 0.982832
97.600000 0.000000 0.984149
97.700000 0.000000 0.985467
97.800000 0.000000 0.986784
97.900000 0.000000 0.988101
98.000000 0.000000 0.989418
98.100000 0.000000 0.990732
98.200000 0.000000 0.992042
98.300000 0.000000 0.993340
98.400000 0.000000 0.994614
98.500000 0.000000 0.995845
98.600000 0.000000 0.997004
98.700000 0.000000 0.998056
98.800000 0.000000 0.998968
98.900000 0.000000 0.999714
99.000000 0.000000 1.000000
